index,year,month,day,content,likecount,nickname,user_id
1,2019,11,26,许个愿,0,青歌愿与,338625464
2,2019,11,26,许个愿,0,弹钢琴的男朋友,270512355
3,2019,11,25,祝我考研成功😄当然我会更加努力滴！,0,阿太娃仔,450415243
4,2019,11,25,希望明年顺利硕士毕业啊！,0,chenanyu-,89533619
5,2019,11,25,模拟小型音乐会的设备调试、人声等等,0,的的胖,255969599
6,2019,11,24,我的宝藏歌曲,0,bia昂,319958124
7,2019,11,24,起风降温的日子适合听这首歌,0,Coldbrew_,282693772
8,2019,11,24,会不会是人群的喧闹鼓掌声，之后的就是一个人的安静独白？,0,树惁惁,353180074
9,2019,11,23,在自习室里学习，50天后期末考，加油呀,0,陌生人-你好啦,1740400320
10,2019,11,23,燕姿真的是唱出了青春的所有声音,2,赵氏子弟啦啦啦啦啦,1890687369
11,2019,11,22,许个愿,0,85号修理人员,1353191159
12,2019,11,22,渴先发行两个月，所以iu？,0,跳舞的旋转木马,1727603104
13,2019,11,22,神曲,0,sunjiahang,375838001
14,2019,11,22,一定要实现呀,0,boqichannel,109841698
15,2019,11,21,「看书、等雨停……」,1,坂田玲子,277040877
16,2019,11,21,听完以后想喝水=-=,1,融雪无音,1587315627
17,2019,11,21,最前面几秒的背景音是什么意思？百思不得其解,1,八月长安na,1469177149
18,2019,11,20,许愿 给我一个好offer,0,Molin_,107422039
19,2019,11,20,妙不可言,0,somelauv,1414337455
20,2019,11,20,心痒痒,0,大风吹吹包裹你,336287217
21,2019,11,20,许个愿 我一定要上线,0,955nicewang,114632799
22,2019,11,20,哈哈最后一个赞是我的520了,1,满天星河难寻我的人间,1652458449
23,2019,11,19,我爱过你，再见。,2,账号已注销se,433293371
24,2019,11,19,我们都要努力啊，一不小心就遇不到了[钟情],0,pumu_12,280571257
25,2019,11,18,穿越生命的沼泽，会遇见你的,0,ThePocariSweet,250124256
26,2019,11,17,喝茶🍵,1,xiaobaoyujingru,334976200
27,2019,11,17,希望你快乐,2,但愿人长久的刘大可,491886157
28,2019,11,17,心情不好的时候还是戒了吧,0,村上有光大叔,363632111
29,2019,11,17,iu抄袭石锤[奸笑],1,销声匿迹无疾而终,445641861
30,2019,11,17,初中补课的等车时间天天听着克卜勒的一整张专辑发呆，克卜勒是我打开2014的钥匙,2,Jane_47,261628891
31,2019,11,16,许个愿😁,0,李张如意吖,1327231300
32,2019,11,16,许愿加一,0,drenv,1329120594
33,2019,11,16,so，iu抄袭吗？,1,狐狐狐糊胡,1301675593
34,2019,11,15,这首歌真的好好听,0,依旧笑暖如春风,565603692
35,2019,11,15,许个愿 考研顺利,0,不知跟他何能再見面,125848443
36,2019,11,15,我个渣渣,1,她姓七,274850703
37,2019,11,15,你们好幸福啊,1,她姓七,274850703
38,2019,11,14,好巧！！我第一次听逆光也是在小学的时候,0,W_Seat,327951578
39,2019,11,14,哈哈哈哈哈哈哈哈哈哈你是魔鬼吗,0,爱意丢尽银河,306822364
40,2019,11,14,2020考研 许个愿🖐❤️,0,粉红的EDC,321833143
41,2019,11,14,"想起初中的时候，周末会煞费苦心，用画质很渣屏幕很小的mp4，偷摸摸的去破电脑密码下载几本电子书，然后晚上抱着啃到两三点。当时好像很满足，白天再无聊的课都可以想着情节指望，每天都有牵挂。
现在，我可以做很多想做的事情，却不清楚什么能再给我废寝忘食、不计后果的惦念。
生活丰富，精神饥渴。",4,福娃Leah,1607270297
42,2019,11,14,希望可以遇到理想的那个他，以后可以实现周游世界的梦,1,Alice33211,257288895
43,2019,11,14,榜样哦,0,杨光yM,79407789
44,2019,11,13,许个愿,0,不再寻,134606337
45,2019,11,13,兄弟，你不是一个人,0,LAN糜,136173721
46,2019,11,13,啊啊啊啊这首也好好听[多多调皮],1,椰啵赞哦,283429625
47,2019,11,13,那我先许个愿 最近在码老师要的课题论文 愿发表成功,0,吃火龙果的益达,95373495
48,2019,11,12,喜欢安静的“渴”，也喜欢推荐的它的人[憨笑][憨笑],5,柃木之晞,1366772547
49,2019,11,12,那个是14年4月8出的，这个是14年2月27[汗][汗][汗],0,苑子潯的小号,1548957065
50,2019,11,12,最喜欢飘和这首,0,Zaam,77346245
51,2019,11,12,许个愿,0,Zoey不想取名字,1332662280
52,2019,11,12,校友加油,0,佟佳宁,302675163
53,2019,11,11,我的高中時代 想起兩個畫面 第一個自行車壞了 放學後推著車在冬天的大風裡走著 想哭卻哭不出來 第二個畫面是我把這首歌推薦給雪蓮 她之前跟我說過「高一的體育課 看你一個人坐在操場 像頭獅子 孤獨到讓人不知道怎麼靠近」,3,碾冰大人,92836501
54,2019,11,10,希望明年五月，我收到了录取消息，璀璨了,1,Bryan_1998,111768240
55,2019,11,10,这是这专最好听的歌,0,Bryan_1998,111768240
56,2019,11,10,许个愿。,0,君卿我心_,1358353932
57,2019,11,10,有一句的调跟iu的《除了春天 爱情和樱花》一模一样？？,4,薰迩,389562999
58,2019,11,10,好棒！吸吸欧气!,0,更迭的人海里,559434243
59,2019,11,10,吸吸欧气惹,1,更迭的人海里,559434243
60,2019,11,10,许愿,1,容向舞XG_,1376865298
61,2019,11,9,是不是青春是孙燕姿的青春注定有点悲伤,1,心愿香草,259501210
62,2019,11,9,太好听了吧！！！,1,你等不等我都会一直等你,509381214
63,2019,11,9,有几秒听出了一首韩文歌,1,你等不等我都会一直等你,509381214
64,2019,11,9,许个愿,0,吾心190509,1848008030
65,2019,11,8,在孤独中孤独着，才懂安静的渴。,2,Lajmbor,433700384
66,2019,11,8,我不知道该变成什么样 那就变成上帝希望我的那样吧,0,江南第一老鸨,503777170
67,2019,11,6,我该忘记你了，也要开始新的生活了，也希望以后你能遇到对的他吧[大笑],2,多希望你说的都是骗我的,381812468
68,2019,11,6,"我喜欢听歌，经常用歌计算时间。
比如：
泡面，1首歌；
步行去买菜，6首歌；
坐高铁去北京，9首歌；
周末下午茶，歌曲列表循环两次等等。
然而，有些事却不能用歌曲计时。
比如：
回首一段往事
或者
思念某个人",18,Marth-Gru,112218236
69,2019,11,6,许个愿,0,为什么要我编那么多昵称,23906217
70,2019,11,5,第一二句和iu那首填词成中文的调调好像啊～叫……是心动啊,4,小北boji,433408300
71,2019,11,5,刚才绕着校园跑步，有点累时，这首歌出现了，听到她就感觉很平静，可以让呼吸平稳下来，慢慢的看校园中形形色色的人，已经大三了，时间真快，真不知道我还能在校园的环道上跑几次,3,呐_就这样子吧,272307830
72,2019,11,5,我怎么就这么喜欢你啊[爱心]孙燕姿,0,我要吃橘子,125192863
73,2019,11,5,所有的热爱都要不留余力,2,常樂Yyyyy,253545485
74,2019,11,4,虽然火车晚点了，但一上车就有个大哥把他靠窗的座位让给我了，开心ヽ(○^㉨^)ﾉ♪,1,斯拉万月斯拉万斯拉斯,508778071
75,2019,11,3,你 要 加 油,2,O_oHULLO,343829645
76,2019,11,3,很爱的歌,1,睡不到王俊凯跟咸鱼有什么区别,419986055
77,2019,11,2,OK OK,0,xiaobaoyujingru,334976200
78,2019,11,2,对不起，时间不会先过去。,1,Stefanie71,410964408
79,2019,11,2,抖音上都是–是心动啊，一个眼神躲不掉，于是就来女神这里望梅止渴。,3,25度春风,1411455898
80,2019,11,1,"第一次听
很喜欢整首歌的旋律
在去细细品味歌词
更深有体会[憨笑]",2,是兔叽肖大可爱啊,1852641884
81,2019,10,31,被埋没的歌,1,澜秋未漫,34558269
82,2019,10,30,时间偷走了些什么，却又留下些什么，回头就迷失了当刻，当握紧的手松了，伤愈合，在孤独中孤独着，才懂安静的渴，手松了 伤愈合，卸下了 就璀璨了。 不想做一个受情绪前置的傀儡，卸下了，也许我就可以做回那个快乐的我了。,3,追随光亮,533073231
83,2019,10,30,宇宙中心 呼唤爱,1,尾生zz,1489629484
84,2019,10,29,人大等我。,0,喜怒哀乐不成文,1462609712
85,2019,10,29,没啥可说的真心好听,1,404_Not_Found_LJY,386011179
86,2019,10,29,爱何曾干涸，妈耶，听得鼻涕都流出来了,0,一闪一闪SUN,78150830
87,2019,10,29,整张专辑当时就喜欢这首，后来才慢慢喜欢上克卜勒,0,小赫01,43908661
88,2019,10,29,许愿！,0,一条M,342587265
89,2019,10,29,加油！,1,b3bbbb,567674707
90,2019,10,28,加油呀，20考研还有54天，华东师大等我！,1,萌萌胖达君,482403856
91,2019,10,28,刷到这条评论果断去学雅思,0,电灯没有炮,76226667
92,2019,10,28,好棒!,0,与光12,1519008480
93,2019,10,28,加油，,0,Black-YyYy,303729849
94,2019,10,27,洗礼中,0,廖丹de,1504220388
95,2019,10,26,后来才知道 原来前程似锦是用来告别的,5,十里青茫,501106281
96,2019,10,26,像是将心里的故事娓娓道来，我即使刚15岁，没有故事也没有酒，但最爱的还是那些年的孙燕姿，每一首，每一刻[爱心],0,哈哈哈哈哈哈哈哈哈哈哈哈rjy,1933678322
97,2019,10,26,许个愿,0,九命百里,295686050
98,2019,10,26,许愿,0,英雄人物鱼自持,309394121
99,2019,10,25,希望新年的愿望可以实现！,0,小小鱼Yuki,577574048
100,2019,10,25,那时候听是夏天干涩的午后奋斗的日子 现在不再有那个味道  真的再也找不到了 希望我继续奋斗 不要放弃自己,0,1Isplus,469505936
101,2019,10,24,许个愿，希望一切都好,0,TST糖,586213759
102,2019,10,24,2020高考冲刺，不负青春,0,想你的小白i,431602201
103,2019,10,24,世上的事，只要肯用心去学，没有一件是太晚的。,3,__欧拉__,348888550
104,2019,10,22,明亮的太阳☀会把一切的黑暗照亮的！🌕,0,笑嘻嘻1237,547552622
105,2019,10,21,亲爱的我没有说抄袭，是我那天听到樱花那个歌，想起来这首的第一句了，语言不当不好意思，别误会[可爱],0,没有心情取名字了,124500299
106,2019,10,21,让我考到同济吧[拜][拜][拜]许个愿,0,囧架dd,1754339510
107,2019,10,21,你一直是我翘首以盼的惊喜！,1,十二笔画森,333430152
108,2019,10,21,"世事暗浊
愿汝风骚依旧",0,冰瞳想想,1728965226
109,2019,10,20,大声点 告诉我哪个先发行?这个是14年2月份的,0,NzAIXYz,128457035
110,2019,10,20,第一次听是在初中 在KTV听到朋友在唱这首 被歌词吸引到了 越听越有味道 “在孤独中孤独着 才懂安静的渴”,0,王大花嗷,337289910
111,2019,10,20,所以你来这里刷什么存在感？,0,sun_yan_zi,1416700154
112,2019,10,19,可能是凉了,0,Zhgkl,101024865
113,2019,10,19,评论里什么乱七八糟的？ 这首歌2014年发行的，那个什么春天樱花什么时候发行的？？？说像的人快弄清先后顺序,3,O_oHULLO,343829645
114,2019,10,19,"不太敢回成都，感覺到處都是我們的回憶。
可是我今天還是刪了你的聯繫方式。
我還是會想你，可我不想告訴你了。
不該打擾你了，我也想好好生活。
點確認的手指依然會猶豫。
我以為我的21歲，這是最後一次動心。",1,FeroniaX,295239438
115,2019,10,19,会遇见你的 我相信着 一定会遇到的,1,感觉很抱歉,32920689
116,2019,10,18,congratulations,0,-Kyiiii,1634194021
117,2019,10,17,同样 希望下次评论的时候已经实现了自己的目标 加油＾０＾~,0,不冷170823,573163891
118,2019,10,17,加油啊,0,-Bless7,304457666
119,2019,10,17,许个愿,0,-Bless7,304457666
120,2019,10,16,我要加油啊😭,1,HUGLERK,270049062
121,2019,10,15,秋天要到了哦 是可以吃栗子的季节 答应我 要去尝尝哦,0,-店小二儿-,450418280
122,2019,10,15,2019.10.15 22:30 再听时 我已经抑郁。,3,一个钰,313609522
123,2019,10,15,考上了嘛！！！,1,_大太阳_,253296167
124,2019,10,15,安静,0,小小小小小的橘子,85533246
125,2019,10,15,神逻辑[憨笑],0,秋天里的族长,405214920
126,2019,10,14,希望我也会是你的小众喜好,2,liskaa,1960704064
127,2019,10,14,如果我真的很喜欢你那你就不要绿我,1,liskaa,1960704064
128,2019,10,14,许个愿，第一次听正坐在图书馆背四级单词，希望下次打开是坐在这里背六级。,0,南下-o-,261233588
129,2019,10,13,许个愿,0,王安尧是单纯模样,133266984
130,2019,10,13,这张专超级好听,0,第九只柠檬鲸,440153851
131,2019,10,13,加油！,0,九九五三,428370913
132,2019,10,13,你不再渴 我却干涸,1,绿色眼,440582499
133,2019,10,12,今天有点累了，开车不小心自己把车擦破了,0,橘子味苏打呀,95677871
134,2019,10,12,第一句有点像除了春天爱情和樱花,1,没有心情取名字了,124500299
135,2019,10,12,头像跟我支付宝一样，吓我一跳,0,老子是叶世良,1347306150
136,2019,10,12,"孙燕姿的《渴》 唯独喜欢三句""在追逐中追逐着才懂漫步的渴，在孤独中孤独着才懂安静的渴""、""当我卸下了颜色  璀璨了""。
虽然这首歌在描述爱情走失后平静的回归，但又何止仅在感情里沉淀。
对安静的渴望同时也在对成熟的渴望。
越听越有味道。 ​​​",1,Blank____,62243298
137,2019,10,11,雅思来许个愿,0,卡洛挞空气啊,97369694
138,2019,10,11,也不要开太大声，对耳朵不好,1,12138_2DAt,471322738
139,2019,10,11,前奏[流泪][流泪],0,我陷入名为你的宇宙,1467811539
140,2019,10,11,写作业,0,我陷入名为你的宇宙,1467811539
141,2019,10,11,孙燕姿的歌总是给人一种惊喜[流泪],0,Te_Quiero_C,264892447
142,2019,10,10,还愿,1,瑾炏,307379307
143,2019,10,10,知道一段感情必定经过磨合期和冷淡期的现实问题同时也见证了身边朋友的分分合合坎坷经历，就真的害怕再去尝试也觉得很累但有时还是会期待对的人出现，所以一直也在要求自己变得更加优秀呀，希望能成为一个人的小众爱好！,0,龄儿啊啊啊,532242365
144,2019,10,9,许个愿,0,是对的吧-,321775415
145,2019,10,9,被漏掉的歌啊 爱了,0,阿汝今天不饿,475043098
146,2019,10,9,第一遍就惊艳,1,Myprayer180324,1348533360
147,2019,10,8,这么好听的歌怎么舍得跟别人分享,3,花疯DIMH,408654620
148,2019,10,8,酒要喝饱，话要说足，爱就爱个够，走了就别回头。都记住啦，酒能解决的事，绝不能浪费眼泪。,0,绝世疯鱼,72960000
149,2019,10,8,许个小愿望,0,Mukyo耶,511159565
150,2019,10,7,"刚刷完gre的题看到这条日推评论, 许个愿明年能上个好学校",0,肥曦-,487414995
151,2019,10,6,许个愿吧,0,YL-seven,455492216
152,2019,10,6,更多时间一个人,1,江湖夜雨try,272659466
153,2019,10,6,轻轻哼着 抚平了,1,橘子味苏打呀,95677871
154,2019,10,6,我也来许愿,0,wannableA,450935800
155,2019,10,4,推免到南京农大的植物病理学，说好的回来还愿了，好久不见云村，真的越来越忙了，回村的感觉真好[爱心],22,脸比本事酷吗bro,383473872
156,2019,10,4,确实跟丝路一个设置，结构都一样的,0,丢了壳子的蜗牛呀,289892361
157,2019,10,4,渴发布早于那首歌,1,NTUfail,71924954
158,2019,10,3,前奏[流泪],2,xuketty-,380025023
159,2019,10,3,总有一人得你心，护你一生，望彼此珍惜。,1,wuwuwu1214,271814385
160,2019,10,3,为什么喜欢听这歌,1,偶稀饭的分洪色,1459451133
161,2019,10,3,让睡醒的人听这歌会变消极的,0,偶稀饭的分洪色,1459451133
162,2019,10,2,许愿 愿2020梦想成真,0,ilikeEverythingsweet,83915228
163,2019,10,2,你也是🐥,0,偶稀饭的分洪色,1459451133
164,2019,10,2,为什么孙姐姐的歌评论这莫少？？？？,0,不要卡红卡黄,385951046
165,2019,10,2,有什么事的话记得一定要告诉我呀 别一个人憋着 mua~,0,一只小冉冉丶,549601617
166,2019,10,2,我的xx我没有情绪哦,0,偶稀饭的分洪色,1459451133
167,2019,10,1,哪里来的这么多情绪呀我的cc,1,一只小冉冉丶,549601617
168,2019,10,1,许个愿,0,BonHiver,555141845
169,2019,10,1,"戴上耳机单曲循环～
世界都安静
情绪都见鬼",3,偶稀饭的分洪色,1459451133
170,2019,10,1,起风了  咬字抓人,0,SngEeTze--,1600031708
171,2019,9,30,蹭蹭欧气!～,0,orangejia,112835432
172,2019,9,29,许愿啦，希望3年半后我可以还愿(ง •̀_•́)ง,0,明前芽,643190838
173,2019,9,29,现在也听着这首歌，在同济图书馆做托福，希望我后年能去剑桥璀璨！,0,绿豆快说,33307930
174,2019,9,29,最佳,0,观音是个男孩,117719899
175,2019,9,29,一五年的评论。。。。。,0,没有唉,272125240
176,2019,9,28,舍不舍？,0,过往云烟视而不见,305289320
177,2019,9,28,许个愿,0,Urchin1710,612334135
178,2019,9,28,迷茫困惑却充满欲望的人,1,十里八村有名的坏蛋,102308476
179,2019,9,28,孙燕姿的歌是真的好听,1,肖战gg冲鸭,1741386928
180,2019,9,27,[多多调皮],0,孙颖菲,113018991
181,2019,9,27,越努力 越幸运 ,0,时笙ying,449208509
182,2019,9,26,许个愿,0,Zzz缄默,97603552
183,2019,9,26,听着听着内心就安静了,0,一切都会过去的21,40816295
184,2019,9,26,朋友们快去微博投票呀 2020巡演演唱曲目一定要有渴啊！,9,Knvr,112635660
185,2019,9,26,我就这样走着 穿越生命的沼泽 会遇见你的,1,Zzz缄默,97603552
186,2019,9,26,"我听第一首歌是孙燕姿的《遇见》
只是因为他喜欢
但是了解后
真的很喜欢很喜欢孙燕姿了",0,两清野肆,1504638675
187,2019,9,25,燕姿,0,梦幻病,1457618662
188,2019,9,25,一直喜欢 一直热爱,1,梦幻病,1457618662
189,2019,9,24,上次看了燕姿的一个采访 背景音乐是这个 又回来听一遍,0,蒋闻斌,355158098
190,2019,9,24,许愿 考研加油,1,miyouanghaoan,599912668
191,2019,9,22,时间长的都忘了以前是什么时候听的了,1,落木千山羽,583620633
192,2019,9,22,祝你越来越好哦[星星],0,帐号已注销,265671514
193,2019,9,22,2019又来听燕姿的歌,0,XQ0823,489797899
194,2019,9,22,超级喜欢结尾，很惊喜,0,绿水悠悠1708,562044240
195,2019,9,22,歌尾的喃喃 带我飘着,0,MonsterJimChou,91772463
196,2019,9,22,在初秋 分手也有别样的味道呢 ,1,MonsterJimChou,91772463
197,2019,9,21,2020高考许愿 暨大我来啦,0,73soe,83964406
198,2019,9,21,许个愿  offer!,0,Gyokuer,1350469365
199,2019,9,21,沃日  FM今天推的第四首孙燕姿了,0,啊咿吖呓呗呗吼,318842648
200,2019,9,21,许个愿,0,SvenDang,258757489
201,2019,9,21,走着，我就这样走着；穿越生命的沼泽，会遇见你的。,0,derickwh,68089448
202,2019,9,21,这首 深夜 大音量 爽,0,bass13,384069550
203,2019,9,20,许个愿,0,Hester-Z,407182362
204,2019,9,20,许愿,0,菜刀大人,401818476
205,2019,9,20,许个愿 英语学得好单词背的快雅思考得好,0,樱井夫人桥声,325517206
206,2019,9,19,单曲循环1000000000000000+也听不够的一首,0,神霏语,591815449
207,2019,9,18,许个愿,0,miyouanghaoan,599912668
208,2019,9,18,许愿,1,田昀龍,472017354
209,2019,9,18,为什么，怎么了,0,哼--嗯呢,1324167017
210,2019,9,17,是那首歌学这首歌,2,kuwozhou,620138185
211,2019,9,17,许愿。顺利出国,0,嘻皮嘻嘻嘻嘻,115100122
212,2019,9,17,“呼…”好难唱,1,bbz1991,428108929
213,2019,9,17,我也想要璀璨了 加油呀,0,尾生zz,1489629484
214,2019,9,17,[多多捂脸][多多可怜],1,诗遇上歌__,34575941
215,2019,9,17,我爱日推！！！[流泪]为啥现在才听到这首歌,2,林儿光光,295797484
216,2019,9,16,俺好喜欢！！！,1,也不是猪只打呼,355734135
217,2019,9,15,许个愿今天能找到我的小窝,0,yorky_L,1356697308
218,2019,9,15,许愿,0,FlippedZzZ,130359021
219,2019,9,15,2021考研 等我上岸,0,山厏,112727630
220,2019,9,14,别放弃，要加油啊，明天一定会比今天更好,0,星星和月亮_,1524998943
221,2019,9,14,你认识我哥哥ljq吗？,0,lucklnnn,1602301214
222,2019,9,13,我不知道现在对你是什么感觉，只是有些事会想到你。,3,会上树的猫P,1940517884
223,2019,9,13,握紧的手松了，伤愈合[亲亲],2,酸酸酸酸酸酸酸奶,319292581
224,2019,9,13,渴望？不太懂,0,Xiiity,391911564
225,2019,9,13,希望我2020成功上岸[拜],4,普通的好吃723,363463858
226,2019,9,12,thrusting,0,陈岁岁呢,284176051
227,2019,9,12,许个愿！加油！,0,无聊人lyn,471940964
228,2019,9,12,许个愿,0,温猷先生,597264917
229,2019,9,12,we will meet,0,xtingya,338191920
230,2019,9,12,许个愿，二战加油(ง •̀_•́)ง,0,Liebesleid萌,333897206
231,2019,9,11,你超棒的！,0,i-ou,135344521
232,2019,9,11,"初二听的，现在大学开学10天了
喜欢这首歌啊
超好听
百听不厌",0,exit_五,1618656562
233,2019,9,11,我就喜欢开头的那个旋律🙈,5,六开花,414288959
234,2019,9,10,许愿 今年考上理想的研究生！,0,lianyuhang,644036996
235,2019,9,10,生日快乐,0,苑子潯的小号,1548957065
236,2019,9,10,好好听啊.感觉第一句好像《除了春天爱情和樱花》中间部分的旋律啊[外星],8,怎样写昵称才会没有被占用-,530224345
237,2019,9,10,许个愿,0,Bilibalii,267310510
238,2019,9,10,"渴望
2020待璀璨",0,新买的变质酸奶,1386448747
239,2019,9,10,您真棒！我也来许个愿嘿嘿,0,旺仔梦想家喝旺仔,541402354
240,2019,9,9,要做璀璨星空中一颗。,2,周橘猫-,550267157
241,2019,9,9,现在你34了解一下,2,julhhujdhhhh,1962434437
242,2019,9,9,许个愿，2020年会坐在深圳大学研究生院听这首歌,0,Minamo1,270302545
243,2019,9,9,考研，许个愿，哈哈哈跟一波风,0,-_abc123,432062598
244,2019,9,9,4445 ,0,亲爱的莫再说你我永不分离,78487567
245,2019,9,9,就在刚才，我失恋了，和那个一起经历了三年坎坷，甜蜜，开心，难过的她说再见了，从懵懂到成熟。最终死在了异地上，当她说出再也喜欢不起来的那一瞬间，我全身的力气都被抽空了，失去了动力。我不知道明天面临的是什么，但我还是要往前走。这首歌这几天一直在单曲循环，可能冥冥之中注定吧[大哭],2,就此搁浅_,1778123812
246,2019,9,8,这首歌的发行日期是在iu的除了春天爱情樱花之前,4,windbreaker风衣,1482000199
247,2019,9,8,我希望我可以早点找到自己的路 坚持下去,0,杨超越本越,1494531755
248,2019,9,8,许愿，会变好的,0,鸦DARK,628350985
249,2019,9,8,许愿[拜],0,肥鹤吼吼,574032900
250,2019,9,8,许个愿,0,小湘湘琴,587495427
251,2019,9,8,许个愿,0,今天很累的,356695737
252,2019,9,8,爱了,0,美貌似你爹,120224471
253,2019,9,7,真好听啊啊啊啊啊aaa,1,也不是猪只打呼,355734135
254,2019,9,7,今天是军训的倒数第二天，明天就结束了军训生活，明天十点，从部队来的教官要走了，嗯，我是七班的 ，教官四班。或许是我性格怪异，到了新学校，没人懂我内心最深处的，痛苦，难熬，与存在的1不安全感，他的温柔，他的眼神，对与于我，我是那么的渴望，有一种被关怀的，有安全感的一种从心底发出的情感,2,不想被别人知道的id,1797493755
255,2019,9,7,好听,0,半生才遇见yu,1429413780
256,2019,9,7,永远都不晚[憨笑],0,蜡笔小新彪,305270809
257,2019,9,7,先看看发行时间，再说谁像谁,0,ZHbin呀,635742893
258,2019,9,7,同城，加油啊,0,--高尚的暧昧,78602338
259,2019,9,6,孙燕姿的歌中最喜欢的一首❤️,1,青鸟柯里昂,253167333
260,2019,9,6,这首歌刚发行的时候我就听了，当时觉得平平淡淡，没啥特别，几年后日推给我送了这首歌，发现是真好听,0,AnchorII,32603996
261,2019,9,6,第一遍就被旋律惊艳到了，后来越听越喜欢！,3,何剑880901,1544451594
262,2019,9,6,第一次听是什么时候了。我不记得。,0,不忘vin,605113859
263,2019,9,6,好嘞！,0,你猜我是不是你的宝贝,427405015
264,2019,9,5,好想，好难，好想。,0,ji得bu变,306809957
265,2019,9,5,"时间偷走了些什么
却又留下些什么
回头就迷失了当刻
走着
我就这样走着
穿越生命的沼泽
会遇见你的",0,柒仟肆佰叁拾贰,288008601
266,2019,9,5,许个愿，2020kyg,0,柒仟肆佰叁拾贰,288008601
267,2019,9,5,这首歌是孙燕姿里很小众的一首歌 但是真的很好听,2,听说啊暄很甜,340548969
268,2019,9,4,她明年在哪有演唱会[大笑],0,你是太阳1707,530807215
269,2019,9,4,许个愿,0,吻尽书生_,356055502
270,2019,9,4,笑死我了哈哈哈,0,广东汕头陈奕迅,585627017
271,2019,9,3,没事没事，所有的路都是铺好的，不管有什么困难和阻拦，终点都是不会变的[可爱],0,偷个大丸子揣兜里,548299801
272,2019,9,3,在追逐中追逐着，才懂漫步的渴。,0,Rrrrrrreal__pcy,501399050
273,2019,9,3,我就还是喜欢你 你也要好好的 ,0,AlwaysSnape-,1544460731
274,2019,9,3,我也发现了，还有blue什么的那个,0,小鞭炮呀,429467795
275,2019,9,3,生日快乐,0,欢喜孙燕姿,325641238
276,2019,9,2,37℃高温是挺渴的,0,爱情废柴2004,113692493
277,2019,9,2,金曲奖最佳新人,0,爱情废柴2004,113692493
278,2019,9,2,优秀,0,爱情废柴2004,113692493
279,2019,9,2,18岁的我生日快乐,2,柚子keira,577464917
280,2019,9,1,小仙女加油！！,0,可否抱我一下,483817916
281,2019,9,1,小仙女复读去了~在等一个更好的,1,你猜我是不是你的宝贝,427405015
282,2019,9,1,许个愿,0,纪山狸-,342005170
283,2019,9,1,让我们一起加油(ง •̀_•́)ง,2,就是like____,135088356
284,2019,9,1,"如果不出意外的话
这辈子都不可能站在你面前了",5,野心家-华,420464939
285,2019,8,31,我也是第一遍就爱了,3,氢碳钇yu,412876353
286,2019,8,31,小仙女现在怎么样惹！,0,可否抱我一下,483817916
287,2019,8,31,iu的除了春天爱情樱花，有点相似。,2,歌要全呐,90878257
288,2019,8,31,姐姐没考好[多多大哭],0,你猜我是不是你的宝贝,427405015
289,2019,8,30,后悔没能早点喜欢上你,0,我想吃桃子-,1866546024
290,2019,8,30,咋样了 姐姐 高考[大笑][可爱],0,偷个大丸子揣兜里,548299801
291,2019,8,30,蹭蹭啦，许个愿，加油。,0,东方华家晚晴yu_,1348735202
292,2019,8,30,今日日推，第一反应也是像丝路,2,贰熊_,405853837
293,2019,8,30,许个愿吧,0,今天美好且平凡,551345119
294,2019,8,28,师姐，太巧了吧。我正在同济图书馆复习法考，听到这首歌，翻到评论第一条，结果太惊喜了吧……吸一波欧气,1,音幽见深,1296529743
295,2019,8,28,现在听孙燕姿的歌越听越有味道！,0,何剑880901,1544451594
296,2019,8,28,"　　

　　
　　　
　　　　 　希望世界安静
　　　　 　　让所有情绪都见鬼.

　　
　　
　　　

　　　　 　　
　　　　 　　

　　
　　
　",39,遥望的星海,582660580
297,2019,8,28,还是很累 不知道和谁说 ,1,Azhhl,117667169
298,2019,8,27,还计算什么,0,一枕凉风寂,585133395
299,2019,8,27,许个愿，四级过，以后考研顺利[多多大笑],0,向死而生欲望满身,1631543874
300,2019,8,27,希望未来的这两年有所成长 有所成就,1,葱花小姐和她的鱼,110628839
301,2019,8,27,开头是乐团在试音吗,0,JKMiLin,70246487
302,2019,8,27,那就2020高考成功！！！！！,5,甜甜果呀,1395332884
303,2019,8,26,暑假每天上学都要路过六月时候没考上的学校。但还挺开心的，新同学对我特别好。[猪],2,齿轮转动,1721407420
304,2019,8,26,希望下次听我也瘦下来了哈哈哈哈,0,任朝暮99,476849814
305,2019,8,25,许个愿,0,為光wwww,549320246
306,2019,8,25,毕业了回国吗,0,独行扎,1702671716
307,2019,8,25,加油！,0,Stellar-life,1893636413
308,2019,8,24,明年中考 加油吧 毕竟要对得起这首歌,4,魔仙堡优秀毕业生,1752518752
309,2019,8,23,许愿！ 明年高考  上海外国语大学！！,2,知若w,513671561
310,2019,8,23,许个愿,0,unlash-__,399218392
311,2019,8,22,许愿,0,内溯,371078331
312,2019,8,22,渴？喝水啊,0,超大包,266742234
313,2019,8,22,许个愿,0,Aurora_xr,380211077
314,2019,8,22,2020的高考 我也来许个愿,0,为---人屠一城,404193898
315,2019,8,21,许个愿,0,free得木,1288268609
316,2019,8,21,遇见你，我也爱上孙燕姿。,3,-ryusdb雾,350570898
317,2019,8,21,说过那么多次离婚 都没离 但这次好像是真的,2,青花樱,1574454407
318,2019,8,21,在图书馆午休总是睡不好,0,多肉胖明wsy,371041085
319,2019,8,21,第一遍就被惊艳到了啊!,13,sweettteee,416746687
320,2019,8,21,吸,0,极度放纵极度温柔-,375089954
321,2019,8,21,那我许个愿 快找到工作吧,0,唉哟唉哟唉哟唉哟,284461673
322,2019,8,21,许个愿,0,比鲁inLambeth,604721819
323,2019,8,20,啊啊啊啊啊啊啊，怎么能这么好听，燕姿是宝藏!!!,1,sweettteee,416746687
324,2019,8,20,又发现一首神曲，我和燕姿邂逅地太晚，但我已经深深地爱上了她[爱心][爱心],3,sweettteee,416746687
325,2019,8,20,许愿!,0,sweettteee,416746687
326,2019,8,20,我不知道为什么……听着听着就湿了眼,2,旭-加,1376806815
327,2019,8,19,我们点亮各自的灯 趁机彼此救赎,2,温如言趣仙儿,472179401
328,2019,8,19,单独的陪伴不是爱，单独的性也不是爱，那么爱究竟是什么呢？,1,落娑娑,1335614963
329,2019,8,18,一般吧 也就听了几十遍,2,StefX,300674075
330,2019,8,18,好久没听了，依然很动听,1,璀色幽蓝,283542820
331,2019,8,17,我喜欢你,0,JAWENUR,1408568620
332,2019,8,17,许愿2020哈工深研究生！,0,下点功夫,554687140
333,2019,8,17,有种寂寞的感觉 而我害怕这种感觉,1,One1Two3,406586704
334,2019,8,17,偶遇,0,奥这糟糕的小孩,1539525784
335,2019,8,16,不希望这首歌变火，希望它永远都是小部分人的宝藏,2,小怪兽煜晟,494172552
336,2019,8,16,这歌配得上10w+,5,vv-Baby-,369548390
337,2019,8,15,许愿在德累斯顿大学取得学位[大笑],1,OrangeCatXL,467797727
338,2019,8,15,许个愿,0,勾魂夺命小米辣,420254950
339,2019,8,15,干！太好听辽！,3,也不是猪只打呼,355734135
340,2019,8,15,超级喜欢这首歌,2,圆珠丨,569619231
341,2019,8,14,许个愿，你回来吧，等你好久了,0,祝你开心天天开心,282800473
342,2019,8,13,2020考研，希望我能爬上顶点，忍住漫步的渴,1,是小怼怼呀,1294608579
343,2019,8,13,爱上孙燕姿的不做作和绝美歌声，颜值，人品，哪哪都好的偶像天后,5,kepler磕kez,265903318
344,2019,8,12,崽崽发ins ，说“也许只有放弃，才能更靠近你。”  就像燕姿唱的“当握紧的手松了，伤愈合。”,2,在下cute圆酱,376944054
345,2019,8,11,沾沾喜气,0,小朵w,353177175
346,2019,8,11,你问问你的心，它真的有为我而跳动过吗,1,首阳朔,1472956021
347,2019,8,11,你说的话，有哪句是真的,1,首阳朔,1472956021
348,2019,8,11,他和他喜欢的都很好,2,Skyline_yhy,359515520
349,2019,8,11,许个愿 2020考研加油,0,Hiker悦,288515531
350,2019,8,10,2021的仔高考，许愿阿济,0,539729042985gh,445165034
351,2019,8,10,许愿 2021高考胜利!,1,Ephemeral_m,360613748
352,2019,8,10,我听渴了.....喝口水....,1,你要记住我的样子-,1289764436
353,2019,8,10,我酸了,0,旦顿,308987620
354,2019,8,10,好听,0,紫紫紫紫01,1297425028
355,2019,8,10,"不知道有多少人听见前面的咳嗽声了
谢谢“渴”陪伴我的那么多个夜晚",1,携手相将不语,540183804
356,2019,8,9,许个愿，我一定会成为更好的自己!,0,-濑户,1313515992
357,2019,8,9,后知后觉才觉得好听的歌,0,挂牌歇业,112699698
358,2019,8,9,许个愿,0,就算为了自己也要努力学习,406024643
359,2019,8,8,手松了伤愈合,0,午夜飞行员,394352453
360,2019,8,8,许个愿,0,明日170427,438276530
361,2019,8,8,许个愿 年级前三十,0,-ZonEN-,395465757
362,2019,8,7,2020高考，许愿，加油吧(ง •̀_•́)ง,0,崔小水-,472812071
363,2019,8,7,太喜欢啦,0,有了你的陪伴每个日子都有了期盼,1371148800
364,2019,8,6,然后你找到了 绿光 ？,21,我的猪猪儿子,1366773948
365,2019,8,5,喜欢,0,Komisch_Jerusha_Hu,62333722
366,2019,8,5,人家15年评论哈哈哈,4,我要撑死在这里,637178440
367,2019,8,5,许一个愿~2020年艺考生❤希望用结果回应很多人的不待见，不理解⭐,0,嫠不恤纬的鹅掌揪,108763873
368,2019,8,4,许一个愿,0,kepler_499ML,1457197680
369,2019,8,4,我在路口眺望着，在追逐中追逐着，我在不停向前跑哦。后来我们都要成为更好的人， 这样就够了， 这样就很好。谢谢能够在这个世界上得知一个这么温柔的你，让我能够温柔的向前跑。,4,关上月亮o,1503622826
370,2019,8,4,你为什么这么棒,1,虾米碗糕丼,1847736327
371,2019,8,4,许个愿,0,黄缘hy,500159018
372,2019,8,3,我就这样走着 穿越生命的沼泽 会遇见你的,3,挂牌歇业,112699698
373,2019,8,2,羡慕[色][色],0,木羊又又,1507702214
374,2019,8,2,放过自己吧,4,weiga233,256456479
375,2019,8,1,许个愿,1,甜甜小兔虾,1320390380
376,2019,8,1,腻害了！,1,sttttella,2709001
377,2019,7,31,我晓得你不用网易云 我再也找不回你了,2,CherryJam酱,345404741
378,2019,7,31,小学喜欢的男生推荐的歌，偶尔还来听,1,啊啊啊啊啊啊啊啊啊啊哦伊,410090888
379,2019,7,31,我好像听懂了这首歌,1,Stefanie71,410964408
380,2019,7,31,有一个夜晚我烧毁了所有的记忆，从此我的梦就透明了。有一个早晨我扔掉了所有的昨天，从此我的脚步就轻盈了,2,LitPumpkin,302642233
381,2019,7,31,加油，能行的！提前祝你成功上岸！[强][强][强][强],0,xtfley,86426376
382,2019,7,30,手松了,0,真的是小可爱哦,97838256
383,2019,7,30,加油，要璀璨,0,刚刚senen,1379020765
384,2019,7,29,没事，加油！,0,不大好登机口,1682090357
385,2019,7,29,复读了 会更好,0,你猜我是不是你的宝贝,427405015
386,2019,7,29,砸..了..,0,你猜我是不是你的宝贝,427405015
387,2019,7,29,在孤独中孤独着,1,什麽風把你给吹来了,385143255
388,2019,7,28,当年的且行且珍惜终究变成了往后各生欢喜,1,溪南沙湾,49089123
389,2019,7,28,愿山野浓雾都有路灯 风雨漂泊都有归舟。,4,就是like____,135088356
390,2019,7,28,考的怎么样鸭,0,不大好登机口,1682090357
391,2019,7,28,好棒！我也要加油！！,0,_cupcake000,339906712
392,2019,7,27,大学第一次和室友聚会吃大餐的时候  就骑着共享单车 然后一直单曲循环,1,一禅小和尚1233,356999460
393,2019,7,27,超厉害！我也来许个愿 希望下次能来评论我法考过啦[钟情][拜],1,不是一汲汲,276219303
394,2019,7,27,年底考研 现在在图书馆里看经济学 也让我如愿以偿璀璨吧❤️,1,f的颠茄,454587220
395,2019,7,27,吸吸,1,林小橘啊-,543950339
396,2019,7,27,当时刚出专辑的时候非常喜欢这首,0,luluzjl,450057061
397,2019,7,26,卸下了 就璀璨了 ,1,白1毛,136670271
398,2019,7,26,"：人的听觉范围是20赫兹到20000赫兹；

：有些话真的很难开口，即使我们有太多欲言又止的瞬间；

：我可以听到你，即使你什么都没说。

纯 属 虚 构 闪现一下  嘻",0,爱着爱着就永远的幸运,266492943
399,2019,7,26,"分手吧 该松手了
卸下了 就璀璨了[口罩][口罩]",0,好多小确幸啊,336176905
400,2019,7,26,我来许个愿，烤鸭加油,0,爱吃柠檬的栗子,344122859
401,2019,7,25,好听得颤抖…,3,柏舟川,1891162759
402,2019,7,25,这首好好听啊,6,噫菠萝蜜,286117326
403,2019,7,23,好早的时候听的，决定要在网易云把它找回来，都是回忆啊[爱心][星星],3,谁比我任性,436049518
404,2019,7,23,祝燕姿姐姐生日快乐[蛋糕][蛋糕][蛋糕],0,yanyanxii,334891633
405,2019,7,23,逆光这张专辑我已经高中了🤔，所以你们别说你们老了🤫,3,紫晴公子,1358261693
406,2019,7,23,燕姿  生日快乐[蛋糕] 大家去听新歌《守护永恒的爱》～,1,_不加糖有点甜,128108088
407,2019,7,22,许个愿[爱心],0,古月古月__,384477115
408,2019,7,22,真的好爱这首歌,1,lesucre--,272534319
409,2019,7,22,感觉这首专辑里的歌质量都挺高的,2,斯格莉特,249887743
410,2019,7,22,上一次看这个评论还是在成都理工大学图书馆 现在已经在四川大学躺着,1,怀俄明的野兔,61848948
411,2019,7,21,我好像，在孤单中，一点点地失去了喜欢一个人的能力了。,1,空dig,606083906
412,2019,7,21,2003年是我出生的那年，不是炫耀我有多年轻，今年我也十七了，以前不觉得，现在就很想感叹时间真的过得很快，就是很。。感慨,3,赤茶青瓷,1638652915
413,2019,7,20,太可爱了,1,皮卡猪吗,420191718
414,2019,7,20,许个愿，雅思能过,0,苹果味的卷卷,444484881
415,2019,7,19,卡带了解下[多多大笑],0,妈妈说刚出锅的水饺不能吃,1577555157
416,2019,7,19,触动心弦,1,一缕轻烟细,1430446363
417,2019,7,19,许个愿,0,Awakening得卓,1701617749
418,2019,7,18,世上再无第二个燕姿，有她的一半也很幸运,0,万古啊长存,629173321
419,2019,7,18,燕姿的歌对于我来说就是催泪剂,3,万古啊长存,629173321
420,2019,7,18,许个愿,0,想拥有奇妙能力,472351441
421,2019,7,18,我每天都在路口眺望着，却再没看到过你和那辆红色的车。,0,CircusEmpire,49500644
422,2019,7,18,璀璨了,0,_Royals_,302313180
423,2019,7,17,我为男神肖战而来——孙燕姿是他的爱豆。[爱心],4,甜橙DAYTOY,545137090
424,2019,7,16,越是追求纯粹简单，就越是怯弱,1,-若語-,507726821
425,2019,7,16,许愿,0,机智哒张蛋_,314799438
426,2019,7,16,正在杭师大图书馆做阅读，希望明年坐在浙大实验室里听同一首歌。,0,C-hoke0912,1515123114
427,2019,7,15,好听,2,姑苏客st,79800447
428,2019,7,15,和喜欢的人听一样的歌，是不是也能难过你的难过，开心你的开心。,4,土豆洗澡一身泥,393378319
429,2019,7,14,许个愿,0,木贝贝cherry,416722812
430,2019,7,13,当心里泛起渴望的时候，就像一团火会烧掉你的理智，烧出来力量，渴望力量的少年不在乎成圣亦或成魔，忽不惧苦痛，他只握紧剑刃任由剑身痛饮鲜血，以待强大与陪伴。可它任由鲜血落入尘土，不绽放丝毫光芒，只有黑夜慢慢冰凉，些许呢喃也被晚风带过。,3,情能独炽岂由初衷,311665886
431,2019,7,13,"在孤独中孤独着

才懂安静的渴",1,子书雁,117134148
432,2019,7,12,真好啊,1,乍雨初晴yo,405884135
433,2019,7,11,很早之前在音乐台听到的，第一句出来就爱了。,1,DARKAGES,266222696
434,2019,7,11,八年前喜欢的歌，现在再听很有感觉,3,优质沙雕网友1,1628297927
435,2019,7,11,回头看 已走远,2,新德里里yu,509072306
436,2019,7,10,前奏是不是有个男人咳了一下[惊恐],3,不高兴鱼,453015412
437,2019,7,9,许个愿,1,小葵YT,36203676
438,2019,7,9,太宝藏了吧！！,4,是汽水呀,471676344
439,2019,7,9,许个愿,0,清猗_s,1529872135
440,2019,7,9,大学时候单曲循环过的一首歌,0,落山风___,1336894210
441,2019,7,8,我爱上孙燕姿了,1,馮小妹不小,262898463
442,2019,7,8,打卡,1,Goon66,122002802
443,2019,7,8,同同济,0,李鑫璇,501488209
444,2019,7,8,呕,1,国服第一走位河蟹,312183716
445,2019,7,7,对于这首歌还是安静的当一个聆听者比较好。,2,路过泉边有花一朵,502150919
446,2019,7,7,人生该有多艰难呢，学生向社会人的角色转变，希望今年快适应,2,孤岛与他,267574791
447,2019,7,6,许愿！,0,肥你的土土啊,266645026
448,2019,7,6,晚安哦大家～,0,我的和风,64356321
449,2019,7,6,又发现一首[奸笑],0,喝瓶酸奶叭,253431077
450,2019,7,3,前奏好熟悉,0,花瞳_,424736320
451,2019,7,3,从现在开始应该也不会晚，每隔一个月来看一下评论,0,凳等灯等邓,497500013
452,2019,7,3,"不知道为什么，这首歌总能触动我内心的某处敏感，却总说不出来，
每次听到，心情就越来越沉重，但又舍不得切歌。
可能我对他终究还是意难平吧",2,GummmyBear,333618583
453,2019,7,2,很久以前觉得好听的歌原来叫 渴。,0,Runtooz,116025997
454,2019,7,2,听到就回到了三年前 初去杭州，十七岁的我每天上班下班八十分种的公交车时间，不止有憧憬，孤独还有迷茫和空荡荡。,2,myddys,1322559811
455,2019,7,2,今天明天的考试[拜],0,jakeraa,1473456317
456,2019,7,1,许个愿,0,Sternberga-,264225402
457,2019,6,30,开口先清一下嗓子  哈哈哈哈,1,我的开心比烦恼多h,40177213
458,2019,6,30,爱已干涸.,0,吃音乐的小仙女,386497879
459,2019,6,30,再次听到这首歌，很想念那个满怀梦想对未来充满期望，默默努力的自己。,2,二十四號樹樹,1723209245
460,2019,6,30,她用的啥高光？ 托腮,0,洛书光1,380929234
461,2019,6,30,“祝您天天开心，一切都好”,4,落杳啊,78122408
462,2019,6,28,许个愿，我要读博,0,Hello_worldme,1718460026
463,2019,6,27,看了明日之子孙燕姿的开场，更想去看她明年的演唱会了,3,上官二壮,504948824
464,2019,6,27,姐妹说出了我的心声，很久前听了鱼姐的丝路，后来听见十三姐的渴就不知怎么的就把两首歌想到了一块。,3,王王和两只太阳,1487523224
465,2019,6,27,我一直再找这首歌！刚才差点手滑点过去，还好还好没错过[憨笑],0,海妖的新娘,440492486
466,2019,6,27,居然2019年了,0,Widget-,112740607
467,2019,6,26,许个愿！,0,星垠的听歌时间,396986143
468,2019,6,24,希望明日之子里能出一个有孙燕姿一半优秀的人,4,zoyi_chen,1332405155
469,2019,6,24,研究生🙏,0,zoyi_chen,1332405155
470,2019,6,24,学霸吸吸欧气!希望我明年考上南审💪,0,zoyi_chen,1332405155
471,2019,6,23,六级考作文想写水可解渴，结果口渴这个单词就是不记得怎么写的了😥,1,的xyying,291465432
472,2019,6,23,回来了哦,0,黎舒亦Vin,1612639708
473,2019,6,22,以前觉得孙燕姿的歌曲太平淡了 后来发现她的每首歌都能感动人,6,初丁泰,126315778
474,2019,6,22,在孤独中孤独着,1,文丰啊,296633324
475,2019,6,21,悄悄拿你一点点欧气哦[爱心],0,明前芽,643190838
476,2019,6,21,平平淡淡才是真 轰轰烈烈也是真.,1,Ming__Wings,255996977
477,2019,6,21,舍不舍？ccn,0,Ming__Wings,255996977
478,2019,6,20,在现在这个时代也不过时呢,0,陌陌陌陌陌念,1471218400
479,2019,6,19,哈哈哈，只望能考上真正的大学，遇到，白马王子，哈哈哈~[吐舌][吐舌][吐舌][吐舌],0,苏小丩,1645661490
480,2019,6,19,这是学姐啊！我现在也在同济图书馆做线代听这首歌[大哭],0,缘来你这么甜,499049107
481,2019,6,19,那句 会遇见你的 真的唱到心里,0,Alyssa__M,129309207
482,2019,6,19,再见了,1,丨Return丨,49103625
483,2019,6,18,很累但不想放下手机睡觉 可能是因为关了网 这个世界好像真的就剩我一个人,2,每天哈哈哈活到九十八,529733101
484,2019,6,17,回来了,1,regreters,1478248975
485,2019,6,17,哪有啊，怎么就下架了，前一秒我看了的，根本就还在,0,青石巷J,1638934636
486,2019,6,17,许愿,0,阿法贝塔的函数关系,287460224
487,2019,6,13,是生命力,0,May_Jn,123594455
488,2019,6,12,见人说人话见鬼说鬼话,1,----ehhsy,301157200
489,2019,6,12,真棒,0,Amanda樱,340126644
490,2019,6,11,中考加油鸭！,1,小米糕啊,1436371488
491,2019,6,11,许愿,0,我爱数学啊啊啊,1390114439
492,2019,6,11,中考许愿，我要加油！,1,喪至腐臭,1638607750
493,2019,6,10,哈哈[开心],0,像老田一样努力啊,40642415
494,2019,6,9,有种鸡皮疙瘩起来的感觉，哥哥喜欢的人也是如此好⭐️,4,靛青l,1329141463
495,2019,6,9,饥渴,1,A_想吃小熊軟糖,398952010
496,2019,6,9,结束啦,0,你猜我是不是你的宝贝,427405015
497,2019,6,9,谢谢您！！,0,你猜我是不是你的宝贝,427405015
498,2019,6,9,2019中考陈某人和王某人一起胜利!!!!,0,Zakiaaaaaa,1402283256
499,2019,6,8,太璀璨了,0,兩萬億個,468155076
500,2019,6,8,日推宝藏+1，封面跪+1，前奏跪+1，开口跪+1,1,PhoenixImperfect,299182634
501,2019,6,6,等你真正长大了又会想能够回到小时候,0,Wongsffor,1381605844
502,2019,6,6,有一种命运如此我亦然的感觉,3,卸下我为你伪装的,287474418
503,2019,6,6,许个愿,0,windbreaker风衣,1482000199
504,2019,6,5,"哥哥十二岁开始听她的歌,我就一直跟着哥哥听,去年他考上了武汉科技大学,希望喜欢了燕姿这么多年的你能看见.[憨笑]",0,楠三水,1390368856
505,2019,6,3,🌈你也是的,1,奇异果小博士,345263516
506,2019,6,3,许个愿,1,投入小赖怀抱,630981829
507,2019,6,3,你会成为一个可爱的大人，,1,呱呱呱叽56,391974930
508,2019,6,3,想给自己的人生一键打开二倍速，迫不及待想知道自己可以成长为什么样的大人。,3,奇异果小博士,345263516
509,2019,6,2,昨天的晚上，我终于迈出了这一步,0,花彪77,428011883
510,2019,6,2,捱过现有的种种寂寞 就会遇见你了,3,queque404,384873266
511,2019,6,2,走着，我就这样走着，穿越生命的沼泽，会遇见你的,1,svamei,101475353
512,2019,6,2,走着我就这样走着，穿越生命的沼泽，会遇见你的,1,svamei,101475353
513,2019,6,1,没前任 没现任 没暧昧对象的时候  想找到自我的时候只有你,1,Hero拐子,262143871
514,2019,6,1,我哭了你呢,0,恒温器,358413852
515,2019,5,31,"会遇见你的
总有一天",0,睡不到王俊凯跟咸鱼有什么区别,419986055
516,2019,5,31,高中舍友放了半年渴当起床铃,2,当冬夜渐暖yz,398756291
517,2019,5,31,听着这首歌，感觉孙燕姿在告诉我些什么，好亲近[爱心],0,屋檐小调,273613748
518,2019,5,31,太好听了,0,多想在平庸的生活拥抱你yxz,1713105884
519,2019,5,31,许愿，但愿3个多月来的努力没有白费。,1,我只会乱乱唱,272309134
520,2019,5,31,14年年底作为手机铃声到现在。感觉还是很好听。,2,王呀嘛王不好,437850191
521,2019,5,29,我走来世间还了生缘后，只愿孤身一人了无牵挂离开。,1,嗨喽你好呀,54212523
522,2019,5,29,考研，许愿，吉大应数，pde👊,1,姜姜姜姜姜姜小欣,357026813
523,2019,5,28,嘻嘻想起去年留的评论了，我考上了!,0,CHENYUDAN--,279712105
524,2019,5,28,音乐能给人力量吗？,0,Casablanca-1,356907621
525,2019,5,27,摧残了,0,笑寅如花,389962607
526,2019,5,26,许个愿,0,张某某WHOAREYOU_,304418917
527,2019,5,25,感谢在舍友嘴里听到这首歌 太璀璨,0,我可好看炸了,364086350
528,2019,5,25,2019.5.25 距离高考13天 加油！,0,我可好看炸了,364086350
529,2019,5,25,高考 Good luck[可爱],0,Dawn-zhl,375994192
530,2019,5,24,许个愿,0,吃吃吃佼子l,481649870
531,2019,5,24,我爱你smd,0,咸菜大头,285917650
532,2019,5,24,！！我当时对应的是尚好的青春那首歌，“千万记得天涯有人在等待，风再急再狂不要不回来。”胡思乱想，细思极恐,1,狐狐狐糊胡,1301675593
533,2019,5,24,这首歌的前奏太有趣了,1,彗星XD,272071139
534,2019,5,24,之后再来看，希望自己过好一点。,1,不妄不挽,335324391
535,2019,5,23,中国好男友,3,Rococo523,345625102
536,2019,5,22,"手松了  伤愈合
卸下了  就璀璨了
但愿。 祝我。",4,但还是要_,84571186
537,2019,5,21,"我肯定是吓到他了吧。。
我觉得自己不行，这样下去不行，所以谢谢你。
",3,sqnbzxhlll,330636432
538,2019,5,21,"终于啊，终于，我连他的网易云音乐的账号都找不到了，一瞬间慌了神，拼命在浏览记录里找，但是也不见了，就不见了，我好崩溃啊，那是我们唯一的联系了，我这个人真的是适合去演苦情戏的，哈哈哈哈，肯定会吓到他把，我不想他了。
",7,sqnbzxhlll,330636432
539,2019,5,21,考研许愿,0,Joeyyyyz,64898610
540,2019,5,20,不冷门呀,0,lmkstef,323921184
541,2019,5,20,默默喜欢。每次听都感动[多多可怜][多多可怜],0,lmkstef,323921184
542,2019,5,20,当年听第一遍这歌就爱上了,1,HYOUNG-,36261825
543,2019,5,19,@孙燕姿 晚安,0,凪于,377147459
544,2019,5,18,加油加油加油一定可以的加油＾０＾~,0,拉塔斯托克,497819512
545,2019,5,18,：谢谢燕姿,0,颜值花园_,1373869507
546,2019,5,18,许愿高考加油顺利!,0,病患的孤独,566294780
547,2019,5,18,现在要好好照顾傻子lpy,1,在下八重樱有何贵千,385534522
548,2019,5,17,希望下周考证四门都能合格,2,Mizuu-,1313530490
549,2019,5,17,滴，泡面卡。,0,阿根的电熨斗,61062650
550,2019,5,15,第一次听就会喜欢 听几遍后还想 单曲循环后——会哼出来吧,0,恨叶不成花,297864060
551,2019,5,15,期待20周年巡回,0,海南仙女,516014285
552,2019,5,15,时间带走了什么又偷走了什么,0,你的小可爱超级酷呦,495124295
553,2019,5,15,什么意思呢,0,城市中的过客,111037397
554,2019,5,13,许愿。,0,帐号已注销,117051534
555,2019,5,12,冷门的好听,0,姑苏客st,79800447
556,2019,5,11,"在孤独中孤独
才懂安静的渴",2,宁静的时候丶一个人在安静,310559905
557,2019,5,10,许个愿，希望自己能到理想的成绩,0,赖床圈圈,264943509
558,2019,5,9,我爱你们,0,Vol-downyep,130502270
559,2019,5,9,今年考研加油！上岸了去看姿妈演唱会！[多多调皮][多多调皮],5,深拥孤独123,338675730
560,2019,5,9,听到这首歌曲的时候，正好是马航MH370事件发生后的不久。奇妙的是觉得这首歌太应景了，边听脑海里就边想象着MH370上面乘客最后一刻时的感受，泪不禁流下！但我还是相信他们只是去到了一个神秘的我们不知道的地方,4,和昕Myron,274811095
561,2019,5,9,许个愿哈哈,0,佩奇她老弟乔治,13938059
562,2019,5,9,失恋第一天，准备璀璨倒计时365天,1,用户351891813,351891813
563,2019,5,9,半夜听就很想哭,3,凉丶喜,95457493
564,2019,5,8,加油！在人大等你！,1,Ally-puppy,513473934
565,2019,5,7,我一定会做一辈子的姿迷的[这边][爱心][星星],1,我要o泡我要o泡我要o泡,401726540
566,2019,5,7,最近迷上了这歌[色],2,王弗华,365237067
567,2019,5,7,璀璨倒计时 221,0,苏星宿,266209872
568,2019,5,6,神仙声音,0,fresgly,541596709
569,2019,5,6,会遇见你的 这句话真的一语双关 棒,1,RRRRReady,315053588
570,2019,5,6,612 2123 612,0,Mnizx,136181834
571,2019,5,5,偶然发现，真的好听,0,Todd_Zhu,35859862
572,2019,5,5,许愿,0,九恶一赦-,491388763
573,2019,5,4,自己的付出是否都具有价值，这个答案需要靠时间来寻找。但是，当有一天，你曾经拼搏奋进学来的知识为你哪怕只是解决了一个小小的问题的时候，你才会明白当初学的，当初为之努力拼搏的，终将有着自己的价值。,1,管家奴,21982339
574,2019,5,4,哎呦，好好听啊好好听啊,0,没有三点水不是潇,279586049
575,2019,5,4,这专就喜欢这首,0,HwangLOONG,301852713
576,2019,5,3,刚出这专辑的时候，还记得，自己一首一首的单曲循环......这个专辑的每一首都好喜欢啊～超棒的～,0,阿拉系火星,358797110
577,2019,5,3,我好像去纽约呀,0,亦难吖丶,627312432
578,2019,5,3,00后表示最喜欢她的歌了，姐姐唱歌让人觉得有一种温柔而强大的力量,4,一灯一明,1428542866
579,2019,5,3,她的歌会让我在深夜迷茫时脑海中闪现出不一样的天空，群星璀璨。,4,观天坐井,601392394
580,2019,5,1,许个愿❤,0,鞠婧祎未公开男友,444410329
581,2019,4,30,开头的时候听到有人咳嗽，以为我耳机出现问题了,0,Albertin,72509280
582,2019,4,29,时隔三年，再听这首歌又是不同的感慨！,1,用户87406971,87406971
583,2019,4,29,许愿！,0,哈哈哈哈哈哈张炸,294023956
584,2019,4,29,"上一次听这个歌是暑假没有回家留在南京学德语
现在在去纽伦堡大学上课的路上
兜兜转转这么多年值吗",4,Deep-within,124141535
585,2019,4,29,许个愿，2021年一定能考去我想要的学校。,2,魚骨头诶,1469447064
586,2019,4,29,我会一直相信，燕姿就是我的光，我会一直做个追梦的女孩,0,cute米,470076323
587,2019,4,28,我的逆光CD找不到了,0,TOMAFL,17934626
588,2019,4,28,准备璀璨倒计时235天,1,苏星宿,266209872
589,2019,4,27,优秀啊。老阿姨也来许个愿吧,0,zzzhaowei,443901721
590,2019,4,27,听完这首歌就开始学习，然后循环一整张专辑[可爱] 我爱孙燕姿,1,O_oHULLO,343829645
591,2019,4,27,加油 恭喜,0,火星上的silhouette,262255118
592,2019,4,26,璀璨了,0,再做作业真要秃了,576229657
593,2019,4,26,除了想你，我其实什么也语句也不想写,0,WTFYmen,129683706
594,2019,4,26,小姐姐好优秀啊！厉害👍,0,今了个心,70718113
595,2019,4,26,看到情敌 我反手就是一个赞,1,小田粽,456114864
596,2019,4,23,许个愿,0,咳咳咳柒,559558353
597,2019,4,22,听完这首歌就睡觉嘻嘻,1,天上幼稚园,413332389
598,2019,4,22,听完这首歌就开始学习,1,始终要守_,407040417
599,2019,4,22,听完这首歌就去图书馆,1,大白圆____,261027291
600,2019,4,22,听最后一首他歌单的歌。,1,j_cxxxxx,446511244
601,2019,4,21,万事胜意,2,两清野肆,1504638675
602,2019,4,21,能成为挚友总归带着些爱吧,2,七杯甜酒_,515621714
603,2019,4,21,希望明年我可以坐在上交或者同济图书馆里听这首歌😉,4,小蚯蚓学妹,333919510
604,2019,4,21,所有的努力都值得，黎明前的黑暗只为了等待那一束光，上岸了！,0,cute米,470076323
605,2019,4,19,许愿！身体一定会好起来的,2,平凡又不想努力的打工仔,273332978
606,2019,4,19,许愿,0,林溆,431941413
607,2019,4,19,我现在刚考完雅思，在回学校的公交上听到了这首歌，看到了你的评论，我想我也会收到我如愿的offer，我也会璀璨的,0,ElodYYYY,348539511
608,2019,4,19,明辨是非,2,林溆,431941413
609,2019,4,19,当我再次听这首歌时，我知道，我放下了,0,space_tow,78660099
610,2019,4,18,高考还有50天啦  继续坚持 会璀璨的,6,spylyh11,88400884
611,2019,4,17,希望2021年的考研，能有个好结果，也希望我能创造属于自己的未来,0,candy1191,502892817
612,2019,4,16,要璀璨的发着光啊,0,HUGLERK,270049062
613,2019,4,15,加油💪一定会的！,0,豪崽a,530960416
614,2019,4,15,许个愿🙏,0,HUGLERK,270049062
615,2019,4,15,继续 璀璨,1,spylyh11,88400884
616,2019,4,14,单招没过是个遗憾，还好统招成绩很好。高考我一定会璀璨的！,15,一高全智贤,423275796
617,2019,4,14,我一定璀璨,1,海风起,325609367
618,2019,4,14,这么好听评论这么少 哎,1,Xavier东子,114817243
619,2019,4,13,希望高考 璀璨,1,克卜勒kkkepler,406073016
620,2019,4,13,我会璀璨的,1,派大星啊ik,503211932
621,2019,4,13,一定要努力努力  真的很想掉下的成绩快点起来  好难受啊每一天  快坚持不下去了,1,--sybil,308724939
622,2019,4,13,上次听是在高考之后的那个暑假,0,不消停a,396831137
623,2019,4,13,安静的渴,0,天越亮夜越黑,369782654
624,2019,4,13,许愿 上岸,1,Qpeeeee,253748064
625,2019,4,12,按顺序，小提琴标C调，大提琴，吉他，竖琴，钢琴,2,干了这碗可乐拌饭-,68229887
626,2019,4,12,许个愿，我也想璀璨。,2,vanbinLee,73909164
627,2019,4,11,许个愿，希望和你一样优秀[多多可怜],0,mix--up,489008721
628,2019,4,11,明辨是非,4,懵达兔子,290409390
629,2019,4,11,傻是福气,0,草东方大街,516442794
630,2019,4,10,傻不傻啊,0,菜头不回头,111905081
631,2019,4,10,加油，每个人都会成为最独特的自己滴,0,少女梦事,352556981
632,2019,4,10,许愿！我也要璀璨,2,快向你大佬低头,310340478
633,2019,4,8,[星星]许愿,0,是这颗星球,85488705
634,2019,4,8,太好听了吧❤,0,AL7和SM4出了才改名,302557474
635,2019,4,7,听说这首歌可以许愿，我希望我可以成为更好的自己[多多比耶][多多比耶],1,windbreaker风衣,1482000199
636,2019,4,7,让我静静的回味往昔,0,小琪的老婆,287310117
637,2019,4,6,小可爱来到,0,O_oHULLO,343829645
638,2019,4,6,璀璨了,1,O_oHULLO,343829645
639,2019,4,6,有没有人能清楚的告诉我， 开头15S里面一共出现了多少乐器。。。,1,留二索,2691356
640,2019,4,6,许个愿,0,SnowbaLLzz2333,1378816585
641,2019,4,6,我对燕姿还是爱的不够啊，但是很多珍贵的人，不管你放下多久。只要你回头拿起来他们依然珍贵。要相信自己也足够珍贵。,0,楚门1024,253987406
642,2019,4,6,2019高考，希望我能行,0,勿忘心安便是最好,555992739
643,2019,4,6,@ImInLuv,0,東京無業遊民_,292616534
644,2019,4,6,许个愿,0,王王王小为,289762088
645,2019,4,6,有爱心就不会干涸[爱心],0,LiamWi,510189183
646,2019,4,5,许愿,0,烟樨,534149679
647,2019,4,5,好想沉溺在春风里,1,久旧究疚,113068230
648,2019,4,5,这歌不一般,2,司_徒_,135457333
649,2019,4,5,高考加油,0,野鹿vae,362096647
650,2019,4,5,许个愿望,0,野鹿vae,362096647
651,2019,4,5,"大概没去过的地方都叫远方
没得到的人比较难忘
岁月亏欠的一直都是那些记忆力好
又偏偏念旧的人",3,夕楼夕阳照,385038132
652,2019,4,5,许个愿,0,柒桦,91201319
653,2019,4,5,总感觉孙燕姿的好些歌听过就忘了，什么旋律啊歌词啊全都想不起来，但当又重新听到的时候总是会闭上眼睛在心底轻轻的体味着，轻轻地说好好听呀,2,我是一点红,128752081
654,2019,4,5,许个愿,0,随便输了个名字,385194318
655,2019,4,5,许个愿,0,无颜祖_y,542309845
656,2019,4,4,这首歌让我想起了夏天，美好的场景。,1,tsghgood,1484019990
657,2019,4,3,真正的老人早就都不听歌了,1,彼得潘与狼,261245021
658,2019,4,3,97年大叔默默点开，有关闭。。,0,蔺萌萌,338186128
659,2019,4,2,许愿 2020高考 中南财经政法大学 会计专业,2,MathildaPuth,1367709120
660,2019,4,1,温,1,座瓶水是我惜可,253248732
661,2019,4,1,希望我也能实现自己的愿望,0,太阳味的菠萝,309904887
662,2019,4,1,孙燕姿谢谢你,3,江汉余文乐,114362227
663,2019,3,31,还计算什么，爱总会干涸。,1,板蓝根今天听歌了吗,73550171
664,2019,3,31,很喜欢。,0,李银狗,437960424
665,2019,3,30,99年的迷弟,0,东屿的冬雨,418811562
666,2019,3,29,坐在楼梯间哭到现在 只是因为自己笨拙 我会努力会成功的 我不会怀疑这个结果的,3,OOOO00845,133880824
667,2019,3,29,我也要努力 学习,0,OOOO00845,133880824
668,2019,3,29,希望我也可以璀璨了,1,以后想当老师,447077087
669,2019,3,29,许愿我能去北高,0,以后想当老师,447077087
670,2019,3,29,高三 孤独 追逐 从今天开始要更加努力才行!,0,spylyh11,88400884
671,2019,3,28,还有多少好听的歌等着我啊,0,姿迷一只,483664498
672,2019,3,28,听着燕姿能安静下来,0,___祝你开心,1329847736
673,2019,3,28,也会有小可爱的,0,___祝你开心,1329847736
674,2019,3,27,加油加油,0,pathosis-d,610402476
675,2019,3,27,三年前的夏天。,0,李大傻呀,84616395
676,2019,3,27,许愿,0,Apinklisten,1335770566
677,2019,3,27,估计听孙燕姿的都是老人了,1,用户388076037,388076037
678,2019,3,26,希望他能永远陪着我。,0,满江红侠客行_-,1513998152
679,2019,3,25,嘿,0,我是你爸爸噢噢,311512437
680,2019,3,25,好听，我怎么会错过这首歌的,0,MooncccB,1709821016
681,2019,3,24,来许个愿～,0,呀呀呀芒果,504241188
682,2019,3,24,会如愿的喔加油(ง •̀_•́)ง,0,--獨一無二--,100152113
683,2019,3,24,上岸啊！,0,第二版达尔文,115904214
684,2019,3,24,最喜欢的歌,0,想和你看星空谈夜色微风,635923232
685,2019,3,23,不求别的，能考个省级一本就好,1,海棠寄萧湘,367511071
686,2019,3,23,国科大北京怀柔雁栖湖图书馆打卡（日推）,2,美欢啦啦啦,357923265
687,2019,3,23,2019高考我一定要上570以上[星星][星星][星星][星星][星星][星星],1,倒霉熊-strive,488061322
688,2019,3,22,许个愿,0,dlwlrma0921,451531634
689,2019,3,22,那就许个愿吧,1,da大亭子,49995580
690,2019,3,22,宝藏歌曲,1,-蘇肆,1650826417
691,2019,3,21,听说这首歌可以许愿，我希望我也有一个璀璨的未来,4,cheeseandkisses_,109894617
692,2019,3,20,共勉,0,用户503353017,503353017
693,2019,3,20,一定能考上！考上回来还愿！！！,2,过了雅思也不换名,136033148
694,2019,3,20,许愿，希望我2019的四场考试成功顺利,0,去不了的宇宙那头,1562146551
695,2019,3,20,许愿,0,入骨相思-如蛊相思,94391236
696,2019,3,20,我加油,0,你一笑便是春天了,82973948
697,2019,3,20,刚在表白墙上求大家推荐喜欢的歌 突然就看到燕姿这首 就像被雷击中 回忆瞬间爆发 这曾是我高中单曲循环了多少遍的歌啊！,0,巴啦啦小葱,343130827
698,2019,3,19,80多天之后希望catti二级能过[爱心][爱心],2,疯筝是我,350978535
699,2019,3,19,许个愿  考研加油,1,不晢,497280457
700,2019,3,18,许愿[拜]希望80天后的高考顺顺利利,1,是未茯吗,331161057
701,2019,3,18,daka,0,潜水大鲸鱼,476471883
702,2019,3,18,很少听孙燕姿的歌，但这首歌一下子抓住了我的耳朵。[可爱],0,一个_人的世界,604490745
703,2019,3,17,当我卸下了颜色 璀璨了,4,___Magic___,424161317
704,2019,3,17,在图书馆做逻辑的我，现在很满足,0,颖路漫漫,424780224
705,2019,3,17,希望我也一样可以成功[拜]加油,1,孜然味八喜,111533117
706,2019,3,16,每次听孙燕姿，都想起那位学长，这是他最喜欢的女歌手,2,一隻大妖怪,273178073
707,2019,3,16,希望复试顺利，9月杭州等着我,1,取一个昵称让大家记住你这都重复,319876696
708,2019,3,16,棒！,0,林斯南,1677197416
709,2019,3,16,许个愿,0,万岁1376,131896058
710,2019,3,16,许个小愿,0,甩啊,598399946
711,2019,3,16,真的很喜欢孙燕姿，她的歌听着很有力量[可爱]前段时间听jazz乐了，流行乐听的少了，突然再听到她的音乐觉得很熟悉很舒服和正能量，喜欢她好多年了[爱心],0,暴躁淑女周同学,54846288
712,2019,3,15,好听,0,世上竟有如此出尘绝艳的女子,114314450
713,2019,3,14,听燕姿娓娓道来，我都不想学习了，好像安静地听,0,柯拾柒,261921181
714,2019,3,14,棒棒哒,0,柯拾柒,261921181
715,2019,3,14,"作曲：黄晟峰
作词：黄婷/梁锦兴
编曲：Derek Chua 蔡明耀

已经添加修改，请小伙伴们重新刷新歌词",3,作词_作曲_编曲_MV导演天下第一,546057330
716,2019,3,14,我也是，祝你也加油哦,0,没有如果792,42168706
717,2019,3,14,感谢日推   让我第一次认真听孙燕姿,0,UniqueReborn,399260024
718,2019,3,13,记得刚接触这首歌的时候还在不停的面试，如今飞了，光芒四射的摧残到怀疑人生,0,萌萌小多肉,345987605
719,2019,3,13,许个愿，保佑我一切顺利吃面游上岸！,1,小魔鱼1901,1722028166
720,2019,3,12,吸吸欧气！保佑我之后能在港大或者南洋理工听这首歌，璀璨了！,2,找三如啊,108516289
721,2019,3,12,许个愿,1,清澈的湖湖湖湖湖,302344959
722,2019,3,11,手松了，伤愈合。,1,幼儿园的小调皮,1623553169
723,2019,3,10,听了十几年的孙燕姿啊,3,邓布利多啾,413110644
724,2019,3,10,加油(ง •̀_•́)ง,1,也十二画,418499014
725,2019,3,10,要独身去一个陌生的城市闯荡了，飞马般的骚年，别让自己失望,0,blue丶Tide,364196459
726,2019,3,10,许个愿,0,almost_wh,128244344
727,2019,3,9,小学的时候，听歌不像现在直接输入，点击播放，照着碟片播放，那时候，听着孙燕姿的这首歌，并没有印象很深刻，可能有重复播放过很多次，以至于刚刚点开的时候，那个时候的回忆蜂拥而至，很纯粹，很美好，如今再次听这首歌，还是很有感觉，很好听,0,a喵大云,1681985738
728,2019,3,8,我打算不求回报的再爱你一次，这次能不能不要让我再满身伤痕了,1,AMENDEPP,366725274
729,2019,3,7,希望即将开始正式大学生活的我，能够璀璨吧[大笑],2,GhostDragon井1256,1557366804
730,2019,3,6,就算英语很差，也要把雅思拿下，我不想把机会就这么扔下去。,4,陈醋塔塔,402415529
731,2019,3,6,法考，许个愿,0,温猷先生,597264917
732,2019,3,6,我希望明年也能在图书馆，听同样的歌，不同的，是备考复试。,1,颖路漫漫,424780224
733,2019,3,5,加油了自己,0,relaxwithY,1289382561
734,2019,3,5,许个愿,1,relaxwithY,1289382561
735,2019,3,4,真的好好听啊 燕姿的声音,1,愿春长见伊,92824035
736,2019,3,4,我竟然听网易云刷到了一个学姐，NYU商学院学弟路过,2,Pengfey,77991184
737,2019,3,4,许愿！,0,兰--舟,268735430
738,2019,3,4,唔  是你的,0,有限愛意,509449594
739,2019,3,3,许个愿,0,冬已14,99498769
740,2019,3,2,许个愿，希望以后会过的更好。,1,马晨星花花,1385389847
741,2019,3,1,只有喝过水的人才会懂得渴,8,Ameliath,22207504
742,2019,2,28,许个愿，希望我也能实现自己的目标.,1,Chrismas-,556994911
743,2019,2,28,一起加油,1,yyyykkkkuuo,269157378
744,2019,2,28,现在我高三了，还有99天。这三年来变数大多了，但我一定做得到。一定。,0,三水吉良,137109707
745,2019,2,27,发行5周年打卡，一直觉得是首适合春天的温暖的歌。,2,Pen91128,255930499
746,2019,2,26,我相信 会遇见你的,0,风继续吹IIIIII,325229475
747,2019,2,26,一个男生送我一篇小字上面写的就是这首歌的歌词 直到今天才发现,4,心向优秀,1414893550
748,2019,2,26,这首歌是想表达什么,1,心向优秀,1414893550
749,2019,2,26,许愿高考顺利,1,福冈咸鱼包饭,485053840
750,2019,2,26,许个愿,1,路上ol,477825066
751,2019,2,25,在6s时候 有一声干咳,0,哈哈哈哈王二狗,321093475
752,2019,2,25,这歌好难唱，恐怕要逼疯乐感差的人吧,1,彼得潘与狼,261245021
753,2019,2,25,许个愿,1,一根炸薯条-,90037618
754,2019,2,25,许个愿,1,索索72,337819353
755,2019,2,25,初中的时候听 只喜欢旋律和孙燕姿的声音 现在大二听 才明白了歌词,0,丸子__酱,266073139
756,2019,2,24,（渴）2020  等我,3,地蛋儿d,452822393
757,2019,2,24,跪下求你们搜索克卜勒,2,我魚魚魚魚3,1315912449
758,2019,2,24,加油哇,0,房笔羊,390087475
759,2019,2,23,歌手没人唱这首哇，好好听的,1,919259492,274137085
760,2019,2,22,许个愿,2,你的小稚气呢,538744807
761,2019,2,21,许愿    高考加油,3,叁--肆,1415361019
762,2019,2,21,在地铁上 好渴:) 想喝一点点鹿角巷喜茶Coco一芳,2,很甜不酸的柠檬精,291469911
763,2019,2,21,没有愿望可以许，只剩下羡慕了，希望你们的愿望都成真～,0,bsdsw,93193721
764,2019,2,20,起风了 天空一片灰灰的,1,BeginsStef,263757315
765,2019,2,20,踩踩,0,抱怨没用得抱我,60513073
766,2019,2,18,许个愿🍀️,3,有梦想的sis,403739040
767,2019,2,18,"毫不矫情
直达内心深处",0,活在宇宙里,472703795
768,2019,2,18,每天单曲循环🙈️,2,咦小可爱噢,1329224844
769,2019,2,17,这么美的歌呢,1,爱吃爪子的小松鼠,562861601
770,2019,2,17,许个愿,3,爱吃爪子的小松鼠,562861601
771,2019,2,17,真的真的好喜欢孙燕姿,1,其实搁浅,1449859002
772,2019,2,17,唯一一首你推给我的歌，我还记得，你……还好吗,0,Neal30,397281644
773,2019,2,16,又来啦,0,Goon66,122002802
774,2019,2,16,燕姿女神哈哈哈,1,外星学者,1736496686
775,2019,2,16,我渴望你的演唱会,0,小冀崽崽,455717392
776,2019,2,15,五个小时后nyu出结果，让我许个愿吧,6,chao0817,40035950
777,2019,2,15,5个小时候nyu出结果，让我许个愿吧,7,chao0817,40035950
778,2019,2,11,最最喜欢的一首了  复读时陪伴我最多的歌,1,ZK最烦杂七杂八的事,104621520
779,2019,2,11,这个嗓音代表着多少人的青春,1,邵小孩同学,112518631
780,2019,2,10,加油,1,眼镜熊先森,1490670405
781,2019,2,10,超好听[多多大笑],3,黎箫殇,1436220288
782,2019,2,9,2019烟大,2,梦醒时见W,1539945925
783,2019,2,8,现在可以,3,一双鞋踏破了天地,557157073
784,2019,2,7,初二的时候听这首歌，躺在椅子上，望着窗外的春光也能哭出来。,6,安西大輝,34140045
785,2019,2,6,在追逐中追逐着,2,山山尔川A,389622655
786,2019,2,6,许个愿,2,这么多年的蜗牛,349399691
787,2019,2,6,许个愿❤️,2,Xinerrr,132627948
788,2019,2,6,圆梦2019（考上理想的医科大学）,8,--sybil,308724939
789,2019,2,6,听着这首歌，总能给我信心,0,念你超甜,1459368987
790,2019,2,5, 我已经想要忘记那段回忆了，虽然很美好，但是未来还有人在等我，对不起，我还是爽约了，我关掉了朋友圈，换掉了所以的信息，抛弃了所有能让我回忆起你的东西，那一瞬间我还是哭了，就像送你走的那一天一样，我已经不想在朋友圈发一些看不懂的东西了，原来朋友圈真的是发给你看的，虽然我们已经不是好,0,闪耀的都市演绎者,309195896
791,2019,2,5,新年日推第一首[亲亲],5,帕加尼22,303223775
792,2019,2,4,羡慕你,0,东野语,454080160
793,2019,2,4,许个愿,3,瑾炏,307379307
794,2019,2,4,我……又心软了,2,xxxxxxxccccccccccccc,1742936286
795,2019,2,3,许个愿,2,YOYO嗯哼,299524600
796,2019,2,3,姿姿啊，爱不曾干涸。多久都喜欢呢。,0,受委屈的玛卡巴卡,431426710
797,2019,2,3,等个演唱会..一等就是5年 还有多少个5年都会等吧,2,漂浮群岛i,274680786
798,2019,2,2,谢谢，让我觉得自己还有人一起孤独。,0,Tracccccccy233,91017329
799,2019,2,2,好久以前听的这首歌，突然想起来了，听上去都是岁月呢！,2,an-actor-,512754637
800,2019,2,2,许个愿,3,春日出逃n,564100097
801,2019,2,2,许个愿,4,我不太困啦,1748984616
802,2019,2,1,超级喜欢的歌呢,1,睡不到王俊凯跟咸鱼有什么区别,419986055
803,2019,1,31,学霸,6,梦里开花漫天飞,118309982
804,2019,1,31,听着做一些事情觉得好听 切进来就听不下去了 为什么,0,沦为池中物,256391009
805,2019,1,30,初中时喜欢的歌手，现在依然喜欢，初中就喜欢你，而今再没有你的音讯，即便隔了几个村落。歌我依然喜欢，你我依旧会惦念，收回我的喜欢,1,Harry-1019,1514308404
806,2019,1,30,喜欢了有三年了.昨天晚上听又哭了很久.不是因为歌也不知道是因为什么就觉得很好听很想哭,3,别叫我ptt,1294745098
807,2019,1,30,一起加油吧,25,听完这首就晚安-,298575125
808,2019,1,30,新年快乐！！！！！！,1,绿屁士,434241528
809,2019,1,30,太好听了吧！！开口就就觉得好好听哦！！！,1,绿屁士,434241528
810,2019,1,26,这首歌真的只有她能唱吧。。。好奇怪的副歌,1,彼得潘与狼,261245021
811,2019,1,26,很多人把渴理解成饥渴，但我倒觉得它是一种舒服的感觉。想象一下，周五累了一天后回家倒头就睡，第二天不用急着起床，所以当你睁开眼时阳光正照在你身上，你很渴，但被子里真的很舒服,5,孙鳌头呀,502416807
812,2019,1,24,我真的超喜欢飘着,7,水瓶座的女孩子惹不起,450237093
813,2019,1,22,好听哭了,1,胡不归一,415536829
814,2019,1,21,第一次听了之后就循环很久的，应该不止我一个人吧,9,Joyce的橙子,1665584207
815,2019,1,21,最近一直循环，越听越有感觉,1,九分九的热度,258834516
816,2019,1,21,最后呢？会遇见你对吗,3,某某婷_,366698635
817,2019,1,20,@IDOL丶XG,2,soasiam,292528905
818,2019,1,19,2019的高考 我来许个愿,62,你猜我是不是你的宝贝,427405015
819,2019,1,19,开口喜欢没错了,1,想养只狗叫格洛米,294362469
820,2019,1,19,开场的调音确实很有韵味,1,EDAxios,34603862
821,2019,1,19,我也是,0,执剑的三无少女,1546674809
822,2019,1,19,最喜欢的华语女歌手是孙燕姿,3,donthelpme,111505677
823,2019,1,18,暗念却永远不能在一起  真好  还计算什么。,3,YblueZ,392096365
824,2019,1,17,"2019年1月17号，距高考141天，
愿2019年9月我能坐在中国人民大学的图书馆里[可爱]",23,无糖菠萝,125737568
825,2019,1,15,许个愿,33,丶白雪少年丶,568047525
826,2019,1,14,哈哈哈，我还以为我的是枪版😂😂,0,Pine-Lee,18634840
827,2019,1,14,可能不小心录进去了吧,0,麦给野,508597703
828,2019,1,14,开头5、6秒处是不是有人咳嗽？你们是这样嘛？,0,Pine-Lee,18634840
829,2019,1,13,许个愿 2020考上华东政法！,5,涵砸砸砸,613081242
830,2019,1,13,打算踏上另一个征途，在这立誓一定要让要自己不后悔！加油💪,1,大钦呀,1668699327
831,2019,1,11,在追逐中追逐着，才懂漫步的渴，在孤独中孤独着，才懂安静的渴。初听不知曲中意，再听已是曲中人,2,Joyce的橙子,1665584207
832,2019,1,10,我在路口眺望着 你在哪儿呢？,3,北宋诗人王,1526887524
833,2019,1,10,越听约有味道,1,不如吃茶去ck,515706674
834,2019,1,10,确实如此，她的很多歌都要慢慢听就会深深爱上，然后变成无法自拔的铁粉，因为她的歌听多了会触动心底最柔软的那地方,28,Joyce的橙子,1665584207
835,2019,1,8,努力的菇凉最美！希望下次我评论的时候，也已经实现了目标,159,刺薇不是刺猬,59348575
836,2019,1,7,小学最喜欢这首歌啦！听了好久好久。,3,11111years,272306713
837,2019,1,7,追光者,0,不文艺大叔,284829920
838,2019,1,7,明媚的一批,0,小宝Alex,7550628
839,2019,1,6,记得听这首歌的时候发生了昆明火车站事件，马航事件……时间过的很快,3,一蓑烟雨任平生ht,314243054
840,2019,1,5,为什么真的渴了……,0,吸引眼球,274041421
841,2019,1,5,寂寞呢？,0,要来一曲儿吗,305566399
842,2019,1,5,！！！年度总结里面提醒我了！好久没听了,0,皮卡丘蜀黍球,326205778
843,2019,1,5,加油！,0,长歌Cecilia,346472225
844,2019,1,4,开了个心动模式老给我推燕姿的歌，每听一首都想收藏到我喜欢的音乐，很担心歌单要爆炸啊,0,封尘彳亍,356543149
845,2019,1,4,燕姿的都是精品啊,3,封尘彳亍,356543149
846,2019,1,4,听过千百遍，还是一样能有所触动,0,携手相将不语,540183804
847,2019,1,4,这是我和她的一首心灵相惜的一首歌[爱心][爱心][爱心],0,wjhshmily,1400728736
848,2019,1,4,呐~你分享过的歌我都要听一遍~,0,特喂蜕,1460308269
849,2019,1,3,希望也能璀璨，努力,1,請叫宋長老,373701684
850,2019,1,2,希望2019 燕姿和 姿迷都开开心心， 如愿以偿。 ,0,孙燕姿的小迷妹啊,327977684
851,2019,1,1,都说出名要趁早，现在想想真的是对的，你必须趁年轻有大把时间去珍惜，去追逐，尽管我知道usmle 很难，但是我内心一直在告诉我，不要等以后，不要等到苍老才想起这个梦想，而是要时刻记得，我必须成功，我必须要考！,4,lemonfisher,600152964
852,2019,1,1,孙燕姿又是多少人的偶像，或许歌声能给不同年代的人共鸣。,2,悄橋,1481966618
853,2018,12,31,"“尊敬的乘客您好
你所乘 2018次一去不返号列车
还有1天即将到站
请您整理好随身携带的回忆准备下车
以免遗落在车上
愿你们2018年忘记那个他
2019重新开始
加油 陌生人” ​​​ ​​​​",7,暗时云渡月,453652318
854,2018,12,29,我觉得喜欢是一个人的事，忍不了了就去表白，如果你一定要521个赞，那么恭喜你，我这个一个抵519个，金亮亮的，blingbling的哈哈哈,2,青西瓜-清,624314399
855,2018,12,27,好爱啊 燕姿,0,你姿我姿,466537747
856,2018,12,27,7秒有人清嗓子,0,darktohygge,307650315
857,2018,12,25,你们是要我孤独终身嘛   我可爱的云村兄弟姐妹们,4,帐号已注销,354043705
858,2018,12,25,学习你在哪里了,0,错过整个夏天,1386989690
859,2018,12,23,在追逐中追逐着,0,可乐ste,1591171068
860,2018,12,23,这首也太好听了吧,1,只一句离骚别愁,484648685
861,2018,12,21,加油加油,1,二hwdew,548953739
862,2018,12,20,加油加油,0,cute米,470076323
863,2018,12,20,升中考是燕姿，高考是燕姿，考研还是燕姿！我的青春，都是你！谢谢你陪我这一路，不过后天的研究生考试，我可以坚持下去的！,9,cute米,470076323
864,2018,12,20,"后天就考研了，一个人走在这条路上，说不出什么滋味，至少我喜欢上了这样努力的生活。
现在心情很慌，不知道明天是什么样的，只能自己告诉自己要坚强，都坚持到现在了，不能在困难来临之前先被自己打败，不能在因为害怕被别人拒绝之前先拒绝自己！不甘心，但是焦急没用，只会让结果变得更糟糕。",8,cute米,470076323
865,2018,12,20,加油呐！,1,LiLiAnK,248067383
866,2018,12,20,我太喜欢这首歌的开头了,0,LiLiAnK,248067383
867,2018,12,20,前奏有点像同类,0,奔跑的的人,1441399126
868,2018,12,19,久违的单循 晚安安,0,静静的单眼皮,306879015
869,2018,12,19,现在是2018年年末学长学姐们都在做最后冲刺，明年考研成功我再来,0,Ysole,365542587
870,2018,12,19,渴,1,V--Rr,295990014
871,2018,12,19,“你热闹万分，你孤身一人，你开怀大笑，你泪流成河，你若无其事，你跌跌撞撞，你平静无比，你竭嘶底里，你假装光芒万丈，你内心一片废墟。” ​​​,7,脖子接不上了,647283138
872,2018,12,18,[多多比耶],0,落空hy,101495029
873,2018,12,18,为啥这首歌评论一直这么少哦,0,夜无翎,44887134
874,2018,12,16,我会考上华政的！,6,Allison151,374591738
875,2018,12,15,加油,0,矫情致死,343906193
876,2018,12,13,那就努力让自己优秀，加油,0,missbed床,396299362
877,2018,12,12,我也很想很想变璀璨 ，真的很想很想,2,李大笑yu,476605054
878,2018,12,12,特别想璀璨起来,0,李大笑yu,476605054
879,2018,12,10,"在追逐中追逐着
在孤独中孤独者",1,Y第三宇宙速度,410935143
880,2018,12,9,今天第一次听这首歌，在图书馆写博士论文，希望下次听的时候已经顺利毕业,2,啊洋芋粑粑,363537329
881,2018,12,9,在追逐中追逐着,2,墨风harry,345668773
882,2018,12,9,距离考研13天  能让人安静下来的，还是只有燕姿，明年三月来报道，加油！,3,CCaraway,287663216
883,2018,12,7,不，那是渴了，要喝水。,0,克卜勒0616,1596827288
884,2018,12,7,这次我在听的时候是准备考同济[爱心],8,不要当月球啊,126265582
885,2018,12,6,在追逐中追逐着，总有一天我会追上自己所想要的。,1,在等那个素月小姐,338431817
886,2018,12,6,还有17天考研初试 明年我也会于西南等你,3,Jason_Xye,293202154
887,2018,12,6,好厉害,1,世界第一作,431427767
888,2018,12,6,好喜欢孙燕姿,0,世界第一作,431427767
889,2018,12,6,我还活着呢,0,晚上好好好好好好好,423656954
890,2018,12,5,啊,0,逗留在你的世界里,330423367
891,2018,12,5,"渴卢克",0,VFes,334570780
892,2018,12,5,好听，会去你的演唱会的啊[色],2,Mardyyy,481617706
893,2018,12,4,在6秒的时候有人咳嗽,1,阔几子,1424614202
894,2018,12,3,单循,0,每天爱你多一,80767216
895,2018,12,2,优秀,0,CADG想,373367041
896,2018,12,2,这首歌歌词每行字数好整齐,0,blue丶Tide,364196459
897,2018,12,1,伤愈合嘛,0,丫XUAN丫,1354608077
898,2018,12,1,失恋的时候听的歌，现在都过去了，还是感谢这首歌宽慰我,1,Stella树上跑,110191311
899,2018,12,1,[爱心],0,福十七,293201054
900,2018,11,30,这歌很绕耳抓心,1,blue_Tide,1685023591
901,2018,11,30,@福十七 两年前，满满的都是怀念。,2,朕的江山亡了,131736609
902,2018,11,29,我以后自己给自己买花自己给自己买口红自己给自己买裙子自己给自己买匡威我璀璨给自己看我自己一个人来以后也自己一个人走,3,明天吃豆浆油条,112649605
903,2018,11,28,很是寂寞呢,0,吴世憾,415936649
904,2018,11,28,敬佩,0,沉吟-ygr,1581163108
905,2018,11,27,  怒刷一波~  愿姿迷生活如愿，,2,孙燕姿的小迷妹啊,327977684
906,2018,11,27,单纯刷个评价,1,孙燕姿的小迷妹啊,327977684
907,2018,11,27,[色],0,孙燕姿的小迷妹啊,327977684
908,2018,11,26,我在上财 愿能考上同是纽约的哥大,3,楚楚ff,1483210361
909,2018,11,25,好朋友不仅仅是能与你一起快乐的人，更好的是也能察觉到你悲伤的人。,1,Anesthesiala,440458827
910,2018,11,24,我也梦见错过演唱会， 哭的好难过。,3,孙燕姿的小迷妹啊,327977684
911,2018,11,24,您很优秀了 我男票大概只会听那种民谣“我爱这世间美好的女子，可是他们都不是我的”,4,ggreeny,83299882
912,2018,11,21,那天我梦到你来了我们这里，我哭着追了好久却始终追不上,0,Mihiro,59489235
913,2018,11,21,这是14年歌啊,0,易燃易爆炸的粒粒,490743297
914,2018,11,21,我是4000,0,H-S_Sun,296312220
915,2018,11,20,考研加油啊！！！璀璨[拜],7,Yueeos,248811503
916,2018,11,20,手松了伤愈合,2,coversevenback,115270677
917,2018,11,19,哪儿里有伴奏啊各位,0,hr_bb,1307918728
918,2018,11,19,真好听啊,0,更强大的我,619169127
919,2018,11,19,好喜欢孙燕姿，2020年想去鸟巢听孙燕姿演唱会[可爱],3,他想去听孙燕姿演唱会,573982013
920,2018,11,19,快四千了,0,H-S_Sun,296312220
921,2018,11,18,🌛,0,伯克希尔,52023001
922,2018,11,17,+1,0,Inthesunshine,346384348
923,2018,11,17,长大，烦恼就多了,0,脸谱魏娇玲,568457817
924,2018,11,17,希望明年二月份考研出成绩时我也能璀璨下,5,说起来很漫长,12397123
925,2018,11,17,每次听燕子的歌都又不一样的感受，但都很好听！！演唱会又有目标了！！,0,周淑怡的adc,272649245
926,2018,11,16,可以看看mv,0,彼得潘与狼,261245021
927,2018,11,16,"“多年以后，你才明白，那个曾向你诉说衷肠的人，要的不是建议，而是支持。”
——《良医》",3,想风就前行,90797457
928,2018,11,16,想快点长大,1,花椒180905,1587203964
929,2018,11,16,静下来，就知道该怎么做了。,0,守望_时-空,324714950
930,2018,11,16,这是我第一次听到这首歌 此刻我是个月考只能考三百三的文科学渣 可我不甘心阿 下次六月见,0,你的天星,303734392
931,2018,11,14,听着这歌莫名伤感,1,柚子柚子柚子酱,98369176
932,2018,11,13,不过这张专14年的不能算很老了,0,尾生抱大柱子,260699041
933,2018,11,13,听了好几遍，开头到底是不是现场的声音,0,Lecter19,319958431
934,2018,11,12,想姿妈开演唱会[亲亲],0,王叔叔是stan,106661631
935,2018,11,12,上次在学校听到 一直没有找到这首歌 感谢日推,0,港港港港-,122979679
936,2018,11,12,我知道，前奏是认真的。我后悔，奔三了还没听过燕姿的演唱会。,0,Missing芽,129376696
937,2018,11,11,很难过诶人有时候就是很脆弱,0,海崖奔跳者,384647236
938,2018,11,10,"你好盆友说你会学唱我喜欢的歌
而你不知道的是，我会听每一首你喜欢的歌~
在我的人生里，你已经被参与了呢
感觉听你喜欢的歌能离你近些呢~",0,特喂蜕,1460308269
939,2018,11,8,加油鸭,1,青羽i,282247515
940,2018,11,8,早到晚到，到了就好。,2,突然发现手机里只有一个音乐软件,18545834
941,2018,11,7,最幸运是爱你不太晚，最怕如今听懂你的歌。燕姿是我最窝心的一朵柔光，那么美，那么仙女，又那么温柔。,0,海棠哓,307912649
942,2018,11,4,巧了巧了,1,只有三岁v,546646546
943,2018,11,4,我评论的这位也是同城哦,1,极美欢庆,351351231
944,2018,11,4,同城噢,0,只有三岁v,546646546
945,2018,11,4,这首歌好耐听,1,彼得潘与狼,261245021
946,2018,11,3,在纠结要不要考工业设计师认证,1,doorcatcat,106975616
947,2018,11,3,怎么办真的好好听,1,Catastrophic--,409588632
948,2018,11,2,为什么，我想到我不爱你了这个事，反而有些抱歉呢。难过更多了。我真的还想继续爱你。可我，对不起，我真的不爱你了。真的不爱了,1,野鬼_never,374489852
949,2018,11,2,"真的好喜欢你这样的人生呀
",2,PIGbro8,1352227249
950,2018,11,1,加油加油  小阔耐,0,嘿没错是我啊,530631230
951,2018,11,1,"加油鸭,我也是[大哭]",0,拔丝光鲜,279094736
952,2018,11,1,我也是  加油呀 陌生人,0,夏莫未至,336959496
953,2018,11,1,教资证加油！,2,嘿没错是我啊,530631230
954,2018,10,31,加油鸭,0,噼里啪啦唧哇,608171211
955,2018,10,30,希望在孤独中孤独着 我也曾想过一个人一直一直孤独着走 那种感觉很酷 但发现 那不属于我 孤独 是别人的 我还是要更好的生活 但往往 一边向往孤独又向往甜蜜的生活,2,Christian-77,318497724
956,2018,10,30,加油，在考研自习室，还有53天~,7,CHENYUDAN--,279712105
957,2018,10,30,几年前看到这条评论的时候还没决定出国 现在也已经在备战GRE啦,4,-洋溢洋溢-,87717689
958,2018,10,29,太棒了吧[强],2,高力丰,309630104
959,2018,10,26,等着明年六月的璀璨呢,3,东边儿,129206357
960,2018,10,26,好听(ง •̀_•́)ง,0,新斯滴明,577407054
961,2018,10,26,哎呀有学习的欲望，可是现在是去食堂,1,新斯滴明,577407054
962,2018,10,24,渴 ,0,分钱,271621826
963,2018,10,22,孙燕姿的歌十经得起时间和岁月的，越听越好听，与她独特的嗓音无法取代,2,浪潮hong姐,1473503472
964,2018,10,18,丧是正反馈调节。,6,迪瓦乌拉,1484829645
965,2018,10,17,"喜欢她的声音",1,嘿你在哪儿,369576734
966,2018,10,17,燕姿我来还愿了！高三一整年的煎熬痛苦迷茫起伏，是燕姿的歌陪我度过的。当时看到热评很羡慕，写下了这条评论，现在我已经考到了当时最想考的人大，是自己理想的专业，一切都是最好的结果。听这首歌的朋友们加油呀，不管是中高考还是考研出国，相信你们都可以的！这首歌有魔力喔，会璀璨的[星星],23,------遇见------,341597666
967,2018,10,15,我最近喜欢的一首了,2,闻同学别折腾啦,349900826
968,2018,10,15,好喜欢！！！,1,sunxxxxxi,295095563
969,2018,10,14,穿越生命的沼泽，会遇见你的。,1,一克拉冰拿铁,315924623
970,2018,10,14,哈哈哈，好呀，跳舞💃,0,希望能好好生活下去的小姑娘,1593565494
971,2018,10,14,可以加好友，日常交流一下,0,王三森,361052447
972,2018,10,13,不不不，已经很溜了，着笔的点对于这个状态描述很精准。[强],0,希望能好好生活下去的小姑娘,1593565494
973,2018,10,13,谢谢，没有受过任何语言文学类训练，只是小家碧玉，自我慰藉🙈,0,王三森,361052447
974,2018,10,13,祝好,2,H-S_Sun,296312220
975,2018,10,13,加油,5,极美欢庆,351351231
976,2018,10,13,哇，您是学文学的还是学语言的。写得真好。,0,希望能好好生活下去的小姑娘,1593565494
977,2018,10,11,最舒坦的是回去坐在车上把窗摇下脑袋倚着后座半睡半醒眯眼吹风，那一段时间，什么都打碎了，扔了，结束了，理直气壮，没有道理。,76,王三森,361052447
978,2018,10,10,好像突然才听懂,0,洛小鹿也,46347197
979,2018,10,10,孙燕姿啊你唱到什么时候我就听到什么时候,3,女舍女予,288801556
980,2018,10,10,越听越好听,0,hksskh,353476990
981,2018,10,9,已经分享惹 真实,0,Nonyio,255570411
982,2018,10,9,行8,0,Nonyio,255570411
983,2018,10,8,[可爱]有得,0,Martin_Yuang,93786437
984,2018,10,6,现在口渴，哈哈哈,0,世上竟有如此出尘绝艳的女子,114314450
985,2018,10,4,因为黄金时代还在啊,2,LYW的,126129464
986,2018,10,3,💪🏻💪🏻💪🏻💪🏻,1,Gump-D,353246732
987,2018,10,2,歌单里为数不多中文歌曲之一,1,待嫁闺中C位,124925430
988,2018,10,2,在追逐中追逐着,0,Wang-xx9,543839918
989,2018,10,1,在追逐中追逐着,0,桃知池,356706489
990,2018,10,1,2018.10.1我十八岁了，从前总是妄想长大，妄想着要做好多好多伟大的事情。我终于可以长大了，希望自己不愧对于小时候的梦想，希望接下来的日子我可以不负勇往，2019年高考我来啦。十八岁生日快乐，今年的生日愿望是，明天九月我要去北京！[爱心]未来的路已在脚下，前方定是似锦年华。,20,只有三岁v,546646546
991,2018,10,1,渴，带我走,0,chasingstarrrs,117358822
992,2018,10,1,时间偷走了我的心，只留下了一副空的皮囊,0,52赫兹的d鲸鱼,1476571088
993,2018,10,1,好想把前几秒给剪掉,1,o0-listener-0o,131095397
994,2018,10,1,熬过去就是所有 加油加油再加油,1,Wang-xx9,543839918
995,2018,10,1,不可以哭呀 熬过苦难就璀璨了,3,一口梅子酒o,490454269
996,2018,9,30,好厉害,0,CHENYUDAN--,279712105
997,2018,9,29,+1[大笑],0,LYW的,126129464
998,2018,9,27,第一次听这首歌的时候我六年级，现在高二了，以后的以后，我还听孙燕姿,3,adjective苏西,544084691
999,2018,9,27,好听好听[可爱][可爱],0,ymy2277,43172918
1000,2018,9,27,也膨胀了[奸笑]不过还是祝贺你[憨笑],0,用户617661852,617661852
1001,2018,9,27,给编曲老师加鸡腿,2,04_serena_04,2767357
1002,2018,9,26,作为一个零零后，同样喜欢着燕姿，因为从未有一个歌手带给我如此多的感动和力量。,7,YoLoRd,454561089
1003,2018,9,26,在追逐中追逐着，才懂漫步的渴。                         ,1,何奈端坐两云端,124298414
1004,2018,9,26,“买一台不是很新的单反，骑着我那辆旧单车去很多地方，拍下蓝色的森林和粉红色的月亮，停在四月的樱花旁，遇见会撒谎的大象。” ,3,月亮找,308289457
1005,2018,9,25,好好听！！！我怎么才听到啊！！！,3,_Ber__,428989943
1006,2018,9,25,她是我姐姐喜欢的歌手，然后我也喜欢上了她,1,野心家砰砰砰,341565943
1007,2018,9,23,一样,0,咖喱鱼儿游啊游,411269471
1008,2018,9,22,陪伴我中考的歌[哀伤],0,哒旭,450495900
1009,2018,9,22,"四年前，看着燕姿满心欢喜地发行克卜勒，四年后，后来的你很好，这就足矣。
爱，从未干涸",2,风花月剑,513161020
1010,2018,9,21,啊啊啊为什么这么优秀呀，我也想考研去同济呀,0,Wonetwo-,470511832
1011,2018,9,21,在追逐中追逐着 才懂漫步的渴,0,_一分米_,505185722
1012,2018,9,20,有一小节像昭宥的some,0,bbbbbboy,300580264
1013,2018,9,20,厉害了,0,寒凌k,44339937
1014,2018,9,19,各位大神这首歌有伴奏版吗,0,加大号的肥猫,447301574
1015,2018,9,18,我从一直喜欢听孙燕姿，所以我把喜欢听的都推荐给他，在很多很多歌里他最钟意一首《渴》。一个并不太出名但很好听的作品，今天偶然又听到了，就像歌词一样“卸下了，就璀璨了”。时间总会替我们说再见呢。,5,萬里Alone,392710818
1016,2018,9,16,这一次听这首歌在郑大图书馆做雅思题背核心单词………………,1,啵啵啵啵啵男,368898274
1017,2018,9,15,这歌刚出的时候我才高一,3,病气气的,127867670
1018,2018,9,14,[憨笑],0,yoursyour,46770257
1019,2018,9,14,两年后以鸟巢为起点，来一轮巡演，来昆明好不好!,0,半成熟爱姿,410632973
1020,2018,9,13,"I'm thirsty.
麻烦给我来杯水。",0,笑素颜朝天博,361764964
1021,2018,9,13,日推[可爱],2,PENG濠,340127899
1022,2018,9,12,封面；油腻的师姐？,0,举报我一次笙姐胖20斤,51032523
1023,2018,9,10,高三的晚上总是拿着mp3边听孙燕姿的歌，边看小说，规定只能看十分钟，希望能进入一个好的大学。现在躺在大学宿舍的床上，可是并不快乐,1,舒舒塔,125990337
1024,2018,9,10,如果可以 我想死一死[皱眉][皱眉]然后重新活过来 重新生活,1,五号会下雨,545220272
1025,2018,9,9,越听越有感觉    就想晚上在阳台扶着栏杆仰望天空   感受吹来的微风     看着繁华的城市     就这样    静静感受,4,恣睢那时,507606524
1026,2018,9,9,"我和你从未见过
却听着同一首歌
都哭了",1,我要赚大把大把钞票全部都给你,97680441
1027,2018,9,8,在追逐中追逐着，才懂漫步的渴。。。,0,田小萌萌萌t,416340686
1028,2018,9,7,加油，远方努力的人儿[亲亲],1,傲娇的刁女神,278312563
1029,2018,9,6,喜欢,0,如果蜗牛没灵魂,283210109
1030,2018,9,6,MV很好看,0,帐号已注销,353165562
1031,2018,9,5,同  学不下去的时候听一听,1,Fearless_W,264165448
1032,2018,9,5,但愿继承到热搜一的优秀,0,傲娇的刁女神,278312563
1033,2018,9,5,考研听的歌,4,傲娇的刁女神,278312563
1034,2018,9,5,优秀,0,傲娇的刁女神,278312563
1035,2018,9,3,校友好,2,我叫王大树我觉得很棒,40833434
1036,2018,9,3,因为喜欢这首歌我微信名就叫渴，我妈和我说渴了就喝水啊[汗],1,会飞的野马哦,117891761
1037,2018,9,2,高考可以听歌的吗,0,可能会这样吧丨,387482335
1038,2018,9,2,喜欢,2,_-一xx,1377489658
1039,2018,9,1,请接受我的暴风羡慕,3,饭饭拌豆豆,318600551
1040,2018,8,31,结尾好听,1,难得孤寂呐,247675463
1041,2018,8,30,📿,0,海洋幼猫,95448675
1042,2018,8,29,“会遇见你的” 好好听这句旋律,2,拉比的爱,383834874
1043,2018,8,27,[亲][亲][亲]在孤独中孤独者，才懂安静的渴～,1,O_oHULLO,343829645
1044,2018,8,27,港台歌手确实比大陆歌手更强啊，这是我承认的，难道你要说大陆歌手吴亦凡唱的RMB，抱歉，我欣赏不来，对于内地的说唱也同时欣赏不来。实在不好意思，我就认为港台歌手的歌曲很好听，,0,湖终究干涸了,609592466
1045,2018,8,26,每天日推一首我姿,0,lm_stef,258724583
1046,2018,8,23,感觉你说的很好[爱心],0,MerCuryct,250997730
1047,2018,8,23,老刘！(doge),0,陆裴,89202765
1048,2018,8,23,有些歌，莫名其妙就喜欢，有些人，莫名其妙就爱了，有些路，莫名其妙就变了，有些时候，也学着应该放手了,2,1璐璐,389224362
1049,2018,8,23,旋律太魔性了，我根本忍不住[大笑],1,rock默然,39572304
1050,2018,8,22,好听[爱心],0,烤奶加多糖,356906466
1051,2018,8,21,会遇见你的,1,每天爱你多一,80767216
1052,2018,8,21,你还要爱谁，好好琢磨怎么睡王俊凯啊,0,-柒柒零-,347794626
1053,2018,8,21,孙燕姿，梁静茹，范玮琪，刘瑞琪，蔡健雅，蔡淳佳，林忆莲，王菲，都是我喜欢的女歌手。只能想到这了，虽然刘瑞琪是大陆歌手，但也喜欢。,1,湖终究干涸了,609592466
1054,2018,8,20,我爱孙燕姿[吐舌],2,可阳快飞,115746724
1055,2018,8,20,真好，听姿姿的歌就有一种安静治愈的力量～,1,轰焦冻的可爱多QwQ,275972320
1056,2018,8,19,我遇见很多人，别人都告诉我怎么样更好，但是让我做自己。不遗憾错过。,2,齐同学的周同学,478561649
1057,2018,8,18,逆光是我高中的时候 我是真老了,1,歪歪栓,286327625
1058,2018,8,18,时间并不会治愈什么，只是会让我们曾经看重的东西，变得不那么重要。,3,阿Chuan1209,570247181
1059,2018,8,17,看MV,1,分钟哦感揽收,530264000
1060,2018,8,16,我想握着你手一起走过大学，亲手为你穿上高跟鞋，吻你第一次擦上口红的嘴。抱着你，在你耳边说，有你真好。文。我想你了。,4,帐号已注销,316442850
1061,2018,8,16,真好啊，我也要为自己的梦想努力！加油！,2,sayokio,1481824764
1062,2018,8,16,时间可以淡化一切,2,yyal啦啦啦啦,600639526
1063,2018,8,16,当握紧的手松了,1,星岛的妳,48746821
1064,2018,8,15,戴着耳机听着歌流着眼泪你在想谁，哭的那么顺心。,2,wolove丁小刀,370750989
1065,2018,8,14,(ง •̀_•́)ง可以找到属于自己的路的！,1,Reneeyy3,448940740
1066,2018,8,13,朝霞绚丽是你，晓春初芽是你，阳光不燥是你，梦里看不清的是你， 一句不说的闪烁时光是你，你是难忘；黑暗长夜是你， 枫落秋凉是你， 厉寒瑟瑟是你，梦外看不见的是你，一纸揉皱的无尽惆怅是你，你是虚妄。,5,__鹤唳华亭,511862462
1067,2018,8,13,一定会的,2,为爱随疯,66056133
1068,2018,8,12,人生不如意的地方也就这十之八九，剩下的十之一二可能还不如这十之八九,1,带上自己浪迹天涯,381685164
1069,2018,8,12,寂寞 孤独 什么都有,2,迷乱世人,554827203
1070,2018,8,12,孤独。。,0,暮至明,94756999
1071,2018,8,12,优秀,2,研究Cores,598752683
1072,2018,8,12,我也喜欢老哥，王菲，孙燕姿，杨千嬅等我都爱,1,李LONG富,536357857
1073,2018,8,12,没事的，我17,3,李LONG富,536357857
1074,2018,8,12,其实有关thirst的 都好像有股魔力在牵引着我去点开来听然后按下收藏 这首也不负我望,2,会赢ok,509035758
1075,2018,8,12,@为爱随疯 一定会 变得更优秀的 _(:з」∠)_,0,最美的樱花和雪景都不如你,16933210
1076,2018,8,12,找回,0,我的世界只有风景和你,434674262
1077,2018,8,10,还计算什么[可爱],0,周围听,301875650
1078,2018,8,10,今晚...分享了此歌呢,2,周围听,301875650
1079,2018,8,10,每个人喜欢的都不一样，做自己就好，喜欢听就自己收藏起来，不要分享给别人。,3,青书ll,252759524
1080,2018,8,10,时间可以治愈一切，对吧[可爱],3,是大勇阿,372354902
1081,2018,8,10,"我喜欢孙燕姿的歌
只是他不知道",3,鸠儿也,455106039
1082,2018,8,9,"一到11点就困了，不断打哈欠。我感觉这是多大的恩赐。像是意识和身体抗衡中终于能感受到意识的妥协和身体的能量。
手松了，伤愈合。",0,然惘,305778876
1083,2018,8,8,轉眼又是好幾年,0,一掌甜兔,323306215
1084,2018,8,6,开头是鼓掌声·么,0,li呢喃,261880323
1085,2018,8,6,@Tobeginwithme 我在等你,0,Rad_H,373143769
1086,2018,8,6,微笑流泪 手机里的浪漫,0,帐号已注销,345332873
1087,2018,8,6,哎，这是小学时候的歌了……,2,PhiPhi-C,317778466
1088,2018,8,5,值得被爱[这边],0,彤啊彤的凝视,59627916
1089,2018,8,5,记得那天。,0,_诗芊,81037679
1090,2018,8,5,卸下了 就璀璨了,1,_诗芊,81037679
1091,2018,8,4,爱一个人真难,0,睡不到王俊凯跟咸鱼有什么区别,419986055
1092,2018,8,3,我很渴，你也从未给我甘霖。,4,空占有,502674104
1093,2018,8,3,一样是在图书馆听到这首歌的  愿人生璀璨,3,璐瑶如风,394483378
1094,2018,8,3,喜欢独处的人，谢谢有音乐的陪伴,3,白景汜,403075450
1095,2018,8,3,我们喜欢独处的人，才不会害怕孤独呢。,7,沉与雾,607573270
1096,2018,8,2,之前看了一个故事结尾是“这一次换我，把以前的陪给你！拿一辈子陪，行吗？”然后响起来这首歌。我听的瞬间眼泪就掉下来了/,1,-七代,1315717699
1097,2018,8,2,恭喜恭喜,0,来听Eason的,469219862
1098,2018,8,1,对哇，前天上微博，就看到了这个喜讯。我还祝福了他们耶,1,湖终究干涸了,609592466
1099,2018,7,31,陪那个她，去看孙燕姿的演唱会，现在她也不在了[流泪],1,我是一个快乐的姿迷,1430218014
1100,2018,7,31,二胎啦，儿女双全，哇哈哈哈哈,4,彤啊彤的凝视,59627916
1101,2018,7,30,两个了,2,ii青青,358436129
1102,2018,7,30,一听就想到丝路了,0,dogc-,76732172
1103,2018,7,30,孙燕姿今天有孩子了,2,湖终究干涸了,609592466
1104,2018,7,30,我不难过  我只是需要平静,2,天真有邪333,495049245
1105,2018,7,29,嘘 他在听,1,99次他爱他o_O,78897864
1106,2018,7,26,在孤独中孤独着。,2,云雨外,1325537811
1107,2018,7,26,这首歌真的好好听👀喜欢,1,何苏然,494724585
1108,2018,7,25,开头咳嗽一下[可爱],1,芭蕉无华,324094804
1109,2018,7,24,特别喜欢这句 “走着，我就这样走着，穿越生命的沼泽，会遇见你的”,2,近藤_,132963895
1110,2018,7,24,[爱心][爱心][爱心],0,安溥溥,354348374
1111,2018,7,24,是不是单身久了，听这首歌曲产生了心灵上的共鸣！悲催哈哈,1,维维豆奶jane,439396835
1112,2018,7,24,越听越有味道,0,Janyuo,286360732
1113,2018,7,24,在,0,顾我南衣icon,633022441
1114,2018,7,23,两年前听的歌，今天突然想起来。那时候初二现在高二,2,小松奈樱,535919363
1115,2018,7,22,渴死我啦,1,reallyudian,31079401
1116,2018,7,22,大概就像张爱玲所说，欢喜到了极处，又有一种凶旷的悲哀。,6,做你唯一的假想观众,1483788773
1117,2018,7,21,高中毕业听孙燕姿的这张专辑。好怀念《尚好的青春》《渴》~现如今已经大学毕业。,2,慕薇,252555909
1118,2018,7,21,好歌,0,惰性固体,514583654
1119,2018,7,21,渴  奔  种  追燕姿一个字的歌,1,跳舞的梵谷yanzi,318974517
1120,2018,7,20,@污泥搬运工 ,0,林寒i,136810610
1121,2018,7,20,这首歌就像是我一生的写照，或者说是每个人一生的写照。,0,站在红土大陆上,328457863
1122,2018,7,19,上次听到这首歌还是初中这么多年后又推给我再有5天我就要正式开始工作了,1,____Drama____,315647591
1123,2018,7,18,听着很舒服的歌♡,1,妖怪的铃铛,433101775
1124,2018,7,18,日推2,2,子言曦,315964319
1125,2018,7,18,洒脱一点,1,哦珍妮花比尔斯,137203265
1126,2018,7,17,我都当十几年的炮灰了…什么时候才有希望闪耀呢,2,听歌一定要戴耳机的小熊,354223497
1127,2018,7,17,旋律感觉有点像她的那首风衣～喜欢💕,1,夜雨静如水,358049555
1128,2018,7,17,14年她发行这张专辑，大源哥的驾照还在实习期，硬着头皮从合肥上高速回家，也是这样的夏天，只有我俩和燕姿的歌，我一点都不害怕，有他在身边，哪里都不怕，17岁到现在，从未改变,1,玉少志,277763264
1129,2018,7,16,喜欢徐徐地走在马路边 边走边哼唱着这首歌 抬眼望着蓝天白云,1,Chyyy_yy,353210149
1130,2018,7,15,初二我把网名改成了 安静的渴，我同学还改成了饥渴的饿 哈哈,5,近藤_,132963895
1131,2018,7,15,所有让你纠结失望又不给你最好的幸福的人，我遇到了现在这个男朋友，她喜欢我的小脾气，我的笨，包容我，宠我，我以前被嫌弃的所有，在他看来都是小问题，所以，一定要看清阿,1,留步柒,298137832
1132,2018,7,15,在孤独中孤独着，才懂安静的渴。,1,DjangoTarantino,250385750
1133,2018,7,14,我渴了   逛会某宝吧,0,辽警小凯龙,285221524
1134,2018,7,14,我和他还在拉扯，好痛苦,0,熊瞎子不吃早餐,249983627
1135,2018,7,14,好听(ง •̀_•́)ง,1,星那歌呗er,64858878
1136,2018,7,13,y,0,假装活在1999年,377025008
1137,2018,7,12,亲爱的，谢谢你的祝福，我真的找到了，原来一切都会熬过去的,0,留步柒,298137832
1138,2018,7,12,现在我找到自己的新的幸福了，是很幸福很幸福的那种，你呢，我们都熬过去了，真好,0,留步柒,298137832
1139,2018,7,12,😳比你小就比你小呗，音乐你我相遇,1,Dove林夕子,397330377
1140,2018,7,12,对啊，那说明比我小很多呀,1,囧尼克精神病快好了,36563047
1141,2018,7,12,幼儿园的时候听孙燕姿的逆光😅,0,Dove林夕子,397330377
1142,2018,7,12,快来喊叔叔,0,囧尼克精神病快好了,36563047
1143,2018,7,12,孙燕姿的声音就是特别，简单的韵律也能唱出好听的歌。,0,黄晶1988,1477403626
1144,2018,7,11,高中的时候最喜欢的歌,0,提拉米没有苏00,131467998
1145,2018,7,11,一个小女孩在我失落时，给我唱这首歌，谢谢你，吕贝儿,1,我爱我媳妇李杰,374345175
1146,2018,7,10,我幼儿园，不算过分吧？,0,Dove林夕子,397330377
1147,2018,7,10,对啊 根本不像 也不知道为什么会被点赞得那么高[奸笑],1,说放弃要放哪里,9683208
1148,2018,7,10,怎么会有这么棒的声音这么好听的歌啊[爱心],4,咦小可爱噢,1329224844
1149,2018,7,10,哈哈哈，NYU同学嘛,0,WhySoSerious515,362254201
1150,2018,7,9,有一种歌，叫孙燕姿。,1,Nooooorth北极,404823864
1151,2018,7,9,好听,0,LAN大蓝,588862648
1152,2018,7,9,在孤独中孤独着😔,0,BlueGypsohila,133425241
1153,2018,7,9,情伤时听歌万千也找不到同感的或疗伤的，兜兜转转才知道燕姿的好，感谢燕姿,1,全数热情再也不给你,132620988
1154,2018,7,9,克卜勒这张专辑真的，什么时候回来在听，都会起鸡皮疙瘩，喜欢燕姿真的太好了，作品永远都经得起考验。,1,皇帝宠姿,263527508
1155,2018,7,8,好厉害(ง •̀_•́)ง,0,稀土元素叨啦咪,605343681
1156,2018,7,8,这首有点运用追光的感觉 所以真的不一样,2,玐尾,254926659
1157,2018,7,8,有人说像梁静茹的丝路 不好意思真的不像 首先旋律 梁静茹的很悲伤 有点悲泣 这首旋律听起来有点淡然 起伏不大 再说丝路 想表达的是失去爱人后的痛苦 感觉很心疼 这首歌更多表达的是一种对过去爱的愈合 只是一种淡淡的哀伤 而且自己更加成熟 真的不像 歌词也不一样 再说风格 明显丝路带有西域风格 ,3,玐尾,254926659
1158,2018,7,8,开口跪,0,bambilynn,391013649
1159,2018,7,7,@神经病院里的猪,1,银河一路复写纸,1321246008
1160,2018,7,7,才发现前奏有个男生的哼  清嗓嘛[可爱],3,Hihihighhigh,449556218
1161,2018,7,7,在孤独中孤独着，才懂安静的渴，你坐在我右边，中间隔着一个空位，你知道吗，我已经心猿意马了，多希望你旁边有位置能安放我的灵魂,0,z白小泽,305384240
1162,2018,7,7,所有人都在努力奔跑，我还在浑浑噩噩的熬每一天,0,蓝胖小A呀,1444225692
1163,2018,7,7,日推~~,0,穆小木,17585765
1164,2018,7,7,多想像这首歌里的燕姿一样…,0,默默做备胎的老实人,471449012
1165,2018,7,6,羡慕,0,和清清在一起会很甜,557652407
1166,2018,7,6,好的，应该能上侨中[大笑],0,AIlennolan,467487362
1167,2018,7,6,加油，不要灰心,0,和清清在一起会很甜,557652407
1168,2018,7,6,对，今天分数知道了达到去年分数线,0,AIlennolan,467487362
1169,2018,7,5,理想吗,0,和清清在一起会很甜,557652407
1170,2018,7,5,汕头有侨中,0,AIlennolan,467487362
1171,2018,7,5,汕头到潮州侨中读书？,0,和清清在一起会很甜,557652407
1172,2018,7,5,汕头,0,AIlennolan,467487362
1173,2018,7,5,潮州？,0,和清清在一起会很甜,557652407
1174,2018,7,5,克卜勒,0,高密度聚乙烯,363285352
1175,2018,7,5,前几年都在半夜挣扎迷茫未来，现在在理想的公司实习，争取转正！[拜],0,芈卡卡卡卡恩,346774330
1176,2018,7,5,明天中考放榜，让我上侨中吧[拜][拜][拜][拜],6,AIlennolan,467487362
1177,2018,7,4,现在更厉害了👍👍,0,湖终究干涸了,609592466
1178,2018,7,4,"在追逐中追逐着，不知道在追逐什么，可是又不想停下。怕是再也遇不见像她那样对我好的了
",0,叁两星星,397093030
1179,2018,7,4,@长生的三七,0,阿有阿无,472489171
1180,2018,7,4,😂,0,滴滴这个昵称己经被注册了,407571180
1181,2018,7,4,前奏太美,0,站在红土大陆上,328457863
1182,2018,7,3,总有一天，热情是会被耗尽的[哀伤],4,反正是我啦,575356484
1183,2018,7,3,错过的歌系列,0,千翻Camellia,1350034841
1184,2018,7,3,才懂漫步的渴,2,StaceyIV,1407113113
1185,2018,7,3,不知不觉眼泪就冒出来了,2,边缘人l,341737350
1186,2018,7,2,我靠 开口跪,0,e_Desperado,135492905
1187,2018,7,2,孙燕姿的声音真让人舒服,2,玩躲猫猫嘛,258671666
1188,2018,7,2,优秀,1,肖茗禹xmy,70120736
1189,2018,7,2,这张封面有点油腻啊[大哭],1,孤独患者鸭,625840580
1190,2018,7,2,[亲亲][亲亲],0,彩虹金刚1705,479219153
1191,2018,7,2,你会在大学遇到的更好的青春,0,头像是有灵魂的鸭,587155933
1192,2018,7,2,姿迷前来报道,0,cicicic1,1300916609
1193,2018,7,2,哇！头像和我喜欢的人一样耶,0,2711221,481354108
1194,2018,7,1,苦海无涯，，回头是我,0,四与夕,563928702
1195,2018,7,1,陈思诗你在听吗,1,sub腹肌唐,79177918
1196,2018,7,1,不想错过她的每一首,0,靈一1704,296077815
1197,2018,6,30,高考志愿填报完成了，高中真的结束了。何去何从，交付别人。,1,不理会潮水汹涌,247763565
1198,2018,6,30,好棒,0,乐风猫猫,628995726
1199,2018,6,28,[爱心],0,别吵吵a1997,290201485
1200,2018,6,28,每次听这首歌就想起18岁那年独自坐了40小时硬座去西藏，戴着耳机看着窗外的景色倒退着。,3,柏油路和常绿树,361888516
1201,2018,6,28,嘿！我不是原来的我了,0,不搞名堂,599270644
1202,2018,6,28,这可能就是现在小鲜肉歌手所比不了的吧,1,独爱喝百岁山丶,409841191
1203,2018,6,28,给自己比心❤要好好加油呢,1,FFFFatima,488527117
1204,2018,6,27,"手放了 就伤愈合。
卸下了 就璀璨了。",2,Harburr,382651369
1205,2018,6,26,同是九年义务教育，你为什么就把“同是”写成“同事”。,6,继续_华丽的冒险,340863902
1206,2018,6,26,这歌真的越听越好听！燕姿独奏的味道！歌词也不错！慢慢吟唱，内心看似波澜不惊，却又暗潮汹涌的叫人难受,3,彩虹金刚1705,479219153
1207,2018,6,26,同事九年义务教育，为何你这么优秀,1,我的头像没有头,133094397
1208,2018,6,26,真的是 超级喜欢她唱歌的风格了,0,绕到背后突然抱住你,538946458
1209,2018,6,26,@CestLaViemua ,0,yubaiscat,67807068
1210,2018,6,25,最爱我姿，高三那年时间紧只听到了克卜勒，高考完上了大学把这张专辑听了无数遍，听到现在也没听腻,1,feiyuur2,82966694
1211,2018,6,25,我姿,0,高傲的苍蓝波兽,100185966
1212,2018,6,25,姿[爱心],0,Wankjihevr,361255017
1213,2018,6,25,谢谢你😬,0,沈泽琳的music,538568053
1214,2018,6,25,我在路口眺望着 舍不得,1,独黯的猫,468285603
1215,2018,6,24,想起去年的冬天，没有交集的我们,0,LEMR_,1431189016
1216,2018,6,24,加油哦~,0,温暖相伴默然相忘,31012434
1217,2018,6,24,别蹭别人家学校的图书馆好嘛,0,用户624920609,624920609
1218,2018,6,24,好听[憨笑],0,威武霸气的瓜瓜,121392306
1219,2018,6,24,把你忘的干净,0,存在关键词,632132786
1220,2018,6,23,你好厉害啊女神！要向你学习的 替你开心,0,临城五梦的小可爱,393556525
1221,2018,6,23,喜欢这个歌词排版,0,燃烧星体,1341306932
1222,2018,6,23,我要伴着这首歌穿着花嫁。,1,嘤嘤白马来,384360437
1223,2018,6,22,[鬼脸],0,孤单---个人的狂欢,263901035
1224,2018,6,22,喜欢孙燕姿,1,oh纳爱斯呀,320165294
1225,2018,6,22,超爱,0,oh纳爱斯呀,320165294
1226,2018,6,22,所有不开心都会在安静中慢慢消解的，卸下了就璀璨了，期待~,1,冬天要有热乎乎的栗子和奶茶作陪,613786021
1227,2018,6,22,一个口渴的人急着去喝一杯热水，小心翼翼一点点的把水往嘴里送，水还没送到嘴中，却先吸了好多空气进去，这时嗓子越发的干，急得一抬水杯，一口热水烫的忘了渴。最后还是舔了舔嘴唇，把杯子放到桌上，想着还是等水凉了再喝。这一放，便又忘了刚刚的渴与烫。,3,Saulman,17634153
1228,2018,6,21,你很棒,2,迷人阿静-,1429141012
1229,2018,6,21,走着 我就这样的走着 穿越生命的沼泽 会遇见你的,0,derickwh,68089448
1230,2018,6,20,处,1,跳舞的梵谷yanzi,318974517
1231,2018,6,20,不,1,跳舞的梵谷yanzi,318974517
1232,2018,6,20,在,1,跳舞的梵谷yanzi,318974517
1233,2018,6,20,深夜复习中,2,有深海恐惧症的鱼,411551414
1234,2018,6,20,我决定一个人走风景，不想有矫情的羁绊。见你后，可爱了就是爱上了。我对自己说要爱到时光到底，要和你走遍世界风景。你见她后，可我痛了就是痛彻了。我没再追问你。没再问你。可过往青春究竟是回不去的旧梦。,2,春日十六夜,588391713
1235,2018,6,20,还计算什么,0,Myopic-Pilot,56746334
1236,2018,6,19,每次告别，各自启程。,1,凉夜也罢,590264029
1237,2018,6,19,头条评论点赞一万多，要是那点赞人再外加评论一条，我姿这首歌也早破万了[大哭],1,33轉的LP,630862795
1238,2018,6,19,为什么快要走到结婚了，却不想了呢,0,串串好好次呀,554581261
1239,2018,6,18,马上结婚了，不想结了,4,Korea殷泽熙,408534126
1240,2018,6,18,谁不是呢,0,囧尼克精神病快好了,36563047
1241,2018,6,17,上次听这首歌是要中考了?,0,甜茶茶而,507994789
1242,2018,6,17,我刚开始听的时候觉得有禅意。。,1,待我几差,576447274
1243,2018,6,17,孙燕姿的歌，越听越有味道，而且还是疗伤神曲,2,我谢谢你啊哦,441051159
1244,2018,6,16,太巧了。兴许不是,1,99次他爱他o_O,78897864
1245,2018,6,16,我还是喜欢你，希。只是不能再在一起了,0,是我lo,259257461
1246,2018,6,15,嗯谢谢你，会好的,0,不搞名堂,599270644
1247,2018,6,14,日推[可爱],2,PENG濠,340127899
1248,2018,6,14,泣不成声。做了那么多还是得不到他的青睐，绞尽脑汁费尽心思，爱到尘埃里的苦苦追随，到头来只是一句“你打扰到我的生活了”。,3,Alucard-YA,394966709
1249,2018,6,13,什么时候可以像你一样优秀,2,看多年以后,442152288
1250,2018,6,13,孙燕姿的歌许多都是乍听无感，但越听越爱。每首歌都是一个故事，她很认真在讲，也许有些不指望你当时就听懂。过个几年再听，那种恍然大悟的感觉会一下子让你明白原来歌词唱的就是自己。,4,很摇滚滴事,98010521
1251,2018,6,11,陪我高考的歌,0,大家晚安晚安,267586336
1252,2018,6,11,最近每天日推第一首都是燕姿。。。,1,竹达彩奈,3127459
1253,2018,6,11,我想去清华读研！,3,where先森,333727880
1254,2018,6,10,爱何曾干涸,1,银涸一隙,134565598
1255,2018,6,10,别害怕，往前走,1,关于梦的饲养指南,120981032
1256,2018,6,10,卸下了，就璀璨了,0,Sunpatron,535850722
1257,2018,6,10,这首歌一下戳到泪点，连续的考试失利压得自己快踹不过气，我对努力的意义产生了怀疑，到底要努力到什么程度才能看见成效，一次次的打击也使对自己产生了怀疑，刚送走高三的学姐学长，自己马上也将面临高考倒计时，却十分浮躁，害怕自己就这样一蹶不振，但更害怕再一次的打击。,3,清祀有八,295455972
1258,2018,6,9,决定这首单曲循环一年准备高考！！！,6,嘻哈0-0,372573090
1259,2018,6,9,我高中，谢谢,1,市民丁女士,108743080
1260,2018,6,9,这次选c,0,Nickle丶丶,537398257
1261,2018,6,8,我要柴犬。,0,卢克_U,82971801
1262,2018,6,8,衬衫的价格是九磅十五便士.,3,18岁天才少女,423391118
1263,2018,6,8,祝你们高考成功！,1,夕楼夕阳照,385038132
1264,2018,6,8,璀璨了,0,提姆哦队长陈,616217486
1265,2018,6,8,现在呢？学啥专业的呢？,0,逆流的沙0402,306827071
1266,2018,6,7,“如果完全悲观就好了，就是有那么一点希望才最惨。”,6,nzdfw,116058105
1267,2018,6,7,加油啊_(:::з」∠)_嘤嘤嘤,0,小熊喝茶,380466098
1268,2018,6,7,加油(ง •̀_•́)ง,0,生蘖,296409538
1269,2018,6,7,加油,0,生蘖,296409538
1270,2018,6,7,今天高考,4,是大明湖畔卖内衣的容嬷嬷,469315846
1271,2018,6,7,你说有人喜欢你你就会躲，我只想告诉你我不喜欢你，真的！我只是想余生陪你看四季如何变幻。晚安薄情薄,0,一王先生一,384960608
1272,2018,6,6,同为真正的00后,0,F-St,1336675268
1273,2018,6,6,正在翻着评论，正好看到了你的评论，哈哈，你好，陌生人，我们做个朋友吧。,0,有趣的O儿,417734750
1274,2018,6,6,越听越好听,0,木易可1803,1392149654
1275,2018,6,6,明天高考 妈呀 ,1,仰威w,402087230
1276,2018,6,5,"不过就是
我那么喜欢你的同时
你没那么喜欢我",2,GEEKxMSL,130690190
1277,2018,6,5,你是我在这里看见唯一一个将梦想实现的淋漓尽致的人,2,严寒呐,375195655
1278,2018,6,4,每回学习的时候就听这首歌，有着莫名的勇气坚持下去，我想如果我一直不放弃，总有一天我也能够到达别人未曾想过我能到达的高度，而不是一个弱者，我想外表看起来柔弱的我并不如外表一样,3,Pluto010,555597265
1279,2018,6,4,作为一个00后，粉上孙燕姿，你们会不会嫌弃我,6,要冰激凌不要冰淇淋,485949845
1280,2018,6,3,陪伴我曾经中考的歌,0,阿MAo一涵,508032996
1281,2018,6,2,[爱心][爱心][爱心],0,子菲鱼fw,252190710
1282,2018,6,2,我好爱你。,2,我好甜丫,89671233
1283,2018,6,2,好听 好听,0,抠脚刀男骚,345308381
1284,2018,6,1,只有我发现这首歌长4:44吗哈哈哈,0,cookyoma_,529778092
1285,2018,5,29,我姿这首前奏有点像鳖鳖的Jewels n' Drugs,0,旻綠,317674840
1286,2018,5,29,祝福[爱心],0,小蚊子zizi,611728134
1287,2018,5,27,从小学开始听绿光 燕姿的曲风变换就像一个少年的成长轨迹,3,爆浆薄荷糖,1303081464
1288,2018,5,27,在追逐中追逐着，才懂漫步的渴，当握紧的手松了，伤愈合，在孤独中孤独着，才懂安静的渴，当我卸下了颜色，璀璨了，还计算什么，爱何曾干涸。有一天也要璀璨啦,1,温而似玉般不暖,395578891
1289,2018,5,27,♬♩♫♪☻(●´∀｀●）☺♪♫♩♬look at me,0,睡不到王俊凯跟咸鱼有什么区别,419986055
1290,2018,5,27,燕姿居然没入金曲奖，不敢相信,2,披山簌雨,342956831
1291,2018,5,26,璀璨了,0,热衷11,137133273
1292,2018,5,25,可惜你不在 没人跟我用一个耳机听孙燕姿了  如果另一个时区的你卸下了 能璀璨着就最好了,2,___June,272786785
1293,2018,5,25,原来你们14年就在网易云听这首歌了，我现在才听到。,2,有树叶飞舞的地方就会有火燃烧,377958897
1294,2018,5,24,很厉害了~,0,幽独兰若,29698236
1295,2018,5,23,听歌能静下心背书吗？,0,如果能空白该多好,577032902
1296,2018,5,23,真是一首冷门佳作,0,luvjinji,2913712
1297,2018,5,23,只能往前,0,BBBBBBerlin,260405317
1298,2018,5,23,这首歌是燕姿所有的歌里最好听的,0,站在红土大陆上,328457863
1299,2018,5,22,也许你说得是真的,0,冲鸭白开水,102618171
1300,2018,5,21,怀旧一次心疼一次,3,吃花生皮的花生,52635420
1301,2018,5,20,@流离de木枯,0,_____官人,84570475
1302,2018,5,19,燕姿这张专辑真的适合失恋听[亲亲],0,逗比琼,342207797
1303,2018,5,19,会遇见你的。,1,coco的鲜芋,514400503
1304,2018,5,18,书上说 ：如果有一天你梦见了一个很久没见的人 ，代表他正在遗忘你。,43,胥能猫,391881166
1305,2018,5,18,孙燕姿低调不炒作,1,侯侯小太阳,1444069052
1306,2018,5,18,好听 每个人的青春都会有一个渴望在一起的人，但是后来终于会放下,0,侯侯小太阳,1444069052
1307,2018,5,17,其实你要是真的想离开  我也不会拦着你,1,醉人入梦,579000692
1308,2018,5,17,特务j的词曲作者耶,0,walking__man,42322025
1309,2018,5,16,要越来越强大才对💪,0,soblove-,563282449
1310,2018,5,16,备考托福也在听,2,MX舟,545012215
1311,2018,5,14,晚安,3,红豆妹妹311,436669221
1312,2018,5,14,想问下您有没有孙燕姿在香港唱的silent all these years的视频？应该不是演唱会，穿着红色长裙的。谢谢,0,儂九,64254579
1313,2018,5,14,燕姿又一首让我起鸡皮疙瘩的歌[大哭],0,Q丶FEARless宝,487839923
1314,2018,5,13,起风了天空一片灰灰的一个人坐在操场很多事情静静哼着有多寂寞呢,1,falldel,546527915
1315,2018,5,12,你真的渴吗,0,夏小夜1314,489233773
1316,2018,5,12,谢谢，用心了,0,8怀旧,466841510
1317,2018,5,11,这首是2356765.332 133你说的是13565  12213 3356765  332211,0,杣花吹烬,75328948
1318,2018,5,11,我现在虚弱得像一只奄奄一息的兔,0,一椿一秋,363857005
1319,2018,5,11,卸下了  就璀璨了,2,Manohi,400486998
1320,2018,5,11,天空一片灰灰的,0,这次就叫霞霞,468488536
1321,2018,5,10,厉害,0,Axxtic,569829746
1322,2018,5,10,每次下大雨都会听的歌[憨笑],0,Jeannn,42121411
1323,2018,5,9,我哥很喜欢孙燕姿😁,0,噫咦-,1444075207
1324,2018,5,9,让人一眼觉得很善良的人本身,0,假唱要罚款,1334825998
1325,2018,5,8,我也要说这句话,2,夏莫未至,336959496
1326,2018,5,8,旋律很抓耳，特别是副歌，果断收藏！,2,不过就路人,395121972
1327,2018,5,8,璀璨了 还有什么好计较的,1,夏莫未至,336959496
1328,2018,5,7,Niaibuaiwwbinigengqingchumingliao,0,Axxtic,569829746
1329,2018,5,7,卸下哪有说的轻松,1,五二三七七,130498064
1330,2018,5,7,刚有个姑娘微信名字叫 渴   我问她为什么叫渴  她说  她喜欢这首歌       各位   如果能有521个赞   我就表白    谢谢各位,15,帐号已注销,354043705
1331,2018,5,7,忘记一个爱的人好难,0,邢佳宽,535425538
1332,2018,5,6,好好尝试一下吧，,0,执着我有,632372478
1333,2018,5,6,2014年上半年，高一下学期分班，我们四个住一个寝室。你最喜欢的孙燕姿发新歌，我们把它定为室歌。2016年下半年，我们去了四个城市，少的可怜的见面。2018年5.6，我在复习，听到 渴，很想你们。,1,随之啊,292042493
1334,2018,5,6,太喜欢了,0,菁云y,1385375949
1335,2018,5,5,确实这样,0,喜欢老田16年的92老叔叔,284013353
1336,2018,5,5,我不是春娇 也遇不到志明,1,__影子1711,643439207
1337,2018,5,4,对不起 L H D,0,郭郭郭郭_,309404716
1338,2018,5,4,太爱了,0,Goon66,122002802
1339,2018,5,4,“在追逐中追逐着”，这句调太好听了！,0,_恶龙咆哮_,104237043
1340,2018,5,3,谢谢[呲牙],0,两串脚印的走廊,76414665
1341,2018,5,3,这首歌能反复听下去啊,0,maru_minami,62026090
1342,2018,5,2,超喜欢这个编曲,0,蒸汽波秋葵x,84010001
1343,2018,5,2,唉 考试又砸了 人生不如意的事情真多,0,睡不到王俊凯跟咸鱼有什么区别,419986055
1344,2018,5,1,他有新欢了,1,我可不是只呆鹅,427213903
1345,2018,4,30,爱燕姿,0,泰勒_十万伏特,334049010
1346,2018,4,30,燕姿的嗓音，真，很抓耳,4,Landung,562248348
1347,2018,4,29,第六秒我听到了咳嗽声？！,1,张乐川723,12325962
1348,2018,4,29,"最喜欢的一首，没有之一
",2,奚奚安啊,262034507
1349,2018,4,28,晚安，,1,拾迩穆子,270196091
1350,2018,4,28,生日快乐呀,1,Christina锤,117009638
1351,2018,4,28,生日特别推荐的第一首，祝自己生日快乐[憨笑],9,两串脚印的走廊,76414665
1352,2018,4,28,两年前你给我推荐了这首歌，分开一年半了。现在偶尔还是会很想你，你好吗？,5,LeslieCheung63,475913143
1353,2018,4,27,燕姿,3,H-S_Sun,296312220
1354,2018,4,27,[爱心][爱心][爱心]姿妈,2,长寿豆花干拌面,54836792
1355,2018,4,27,好遗憾错过了姿妈的现场,2,长寿豆花干拌面,54836792
1356,2018,4,27,会遇见你的,2,我要跑走啦,440809249
1357,2018,4,26,专四倒计时50天,1,朱小丕,400623759
1358,2018,4,25,以前的歌爱，现在的歌更爱，因为现在的听起来更有故事,2,大笑balabala,370379906
1359,2018,4,25,说的真对呀，放下一些贪欲，就轻松了，可是很难,3,大笑balabala,370379906
1360,2018,4,25,第一次觉得 璀璨这两个字 这样美好。,7,_如果你冷-,394716779
1361,2018,4,25,这首歌是描述什么,0,薄荷一丝微凉,492431794
1362,2018,4,25,你让我真正安静下来了,0,alittleCharlie,397007135
1363,2018,4,23,[爱心],1,仙人抚我顶的豆豆木,372945403
1364,2018,4,23,有没有人听过林俊杰的和自己对话里面的第一首 序曲：调音 前面好像啊 我最喜欢的两个歌手啊！！！,3,zou-16,109949327
1365,2018,4,23,日推打卡,1,Lasovia,86287912
1366,2018,4,23,可能现在我变得自私了，往往遇见好听的歌我都会第一时间分享给好友。现在我明白了，可能是因为喜好不一样吧。我决定自私起来把好听的歌曲只留给我自己倾听。,3,一生只为你祈愿,336610484
1367,2018,4,23,早安哦,0,颓废好啦,1417550519
1368,2018,4,22,晚安女朋友,1,Journey新,1292733744
1369,2018,4,22,经历极致的欲望之后，开始渴望纯洁的爱情,4,锦梦轩,417837153
1370,2018,4,22,现任我也不知道是不是迷路了[大笑],0,皮卡可丘,392495798
1371,2018,4,21,这么可怕的吗，那更多的造谣者怎么没事,0,自廿,402159717
1372,2018,4,21,要努力要瘦要美要开心,2,一梦不舍,289362729
1373,2018,4,21,第一次听是2014年发行不久的时候那时候才16岁，还在上初中，很喜欢这首歌，四年后感觉还是说不出的舒服,1,薇zi-,1294372191
1374,2018,4,21,听到了轻咳声,0,lazynap,105777326
1375,2018,4,21,[流泪],0,可阳快飞,115746724
1376,2018,4,21,越听越走越好听(ง •̀_•́)ง,1,城市螺丝钉668,137461616
1377,2018,4,21,看到评论说像很多歌，梦与叶樱，春天的花和情歌，过来听听。,0,一小破一,296363613
1378,2018,4,21,校友了,0,Q咪3,506236498
1379,2018,4,20,有人听过。除了春天爱情和樱花嘛。真的。贼像。,0,的十分士大夫,265480710
1380,2018,4,20,最近听这首歌频率最高,2,Goon66,122002802
1381,2018,4,20,@watermalon丶 ,0,越走越远了sss,257953050
1382,2018,4,19,喜欢的女孩在KTV唱了这首歌 那一刻 我看到了光,4,我是_阿侯,50899016
1383,2018,4,19,[大笑][大笑]真的璀璨,0,新年快乐Echo,516997076
1384,2018,4,19, 16岁到20岁的时候喜欢听英文歌韩文歌认为那是潮 现在23居然越来越喜欢听老歌 好有味道的感觉,1,追三条鱼的人,349693375
1385,2018,4,19,新歌 辣,0,RuEleven,30341273
1386,2018,4,19,我也要听这首歌 明年坐在期望中的大学图书馆里,1,zhouyanga,361475329
1387,2018,4,19,我觉得这首歌超级好听！！！单曲循环n遍，越听越有味道，越听越有感觉！！！,2,何苏然,494724585
1388,2018,4,18,第一次听是在北京挂职期间，那个夏天的渴，租住的家，冰镇的啤酒，远方的未婚妻。如今舒适的大床，身旁熟睡着妻子和儿子，夜半的渴，一杯白开水，平淡如生命。,3,明日赞歌,29967615
1389,2018,4,18,校友你好。。。,1,林鹿bu,17075005
1390,2018,4,18,对你何曾干渴,0,姿态yzi,620013251
1391,2018,4,18,小时候总是想着长大，现在长大了却总是想以前，小时候不懂得，现在都懂得,0,逢凉野性czy,1422062089
1392,2018,4,17,加油＾０＾~加油,0,李远大大,331188914
1393,2018,4,17,优秀,0,李远大大,331188914
1394,2018,4,17,只希望保研成功😂,2,Jill2333333,47805239
1395,2018,4,17,这评论扎了我这种博登的心。。,1,余角C,448881703
1396,2018,4,17,加油,0,九幽li,631336017
1397,2018,4,17,现在你33了,3,诚薛,602277390
1398,2018,4,17,我在路口 眺望着。,0,安琪_Anqi,67368071
1399,2018,4,16,现在在自习室算着李永乐、背着恋练有词  也不知道明年这个时候我在哪,2,AS小胖,425169137
1400,2018,4,16,看着热门评论，觉得心很暖。我现在也在图书馆看书背单词考雅思，以后说不定也在国外读书呢[钟情][钟情][钟情]哈哈内心平静最重要，加油努力努力吖少女们[爱心],6,Mrs_Macabrette,312583870
1401,2018,4,16,有这么容易放下么,1,今晚必睡觉,90698504
1402,2018,4,15,我在路哭眺望着 😂,0,Choisoul,286109539
1403,2018,4,15,上一次两个人一起听歌是什么时候,2,_老腊肉呀,1298032938
1404,2018,4,15,放下了  两年了         感谢你参与过我的生活,4,酒仆浪人,322829133
1405,2018,4,14,高三的，算是最后一次大型考试了，从第一名滑到第九名，反反复复单曲循环这首歌。告诉自己，所有的孤独难过丧都要自己悄悄咬牙咽掉,8,薄荷味的姚,442175630
1406,2018,4,14,孙燕姿的歌~~怎么说~单恋暗恋的时候越听越好听,2,我谢谢你啊哦,441051159
1407,2018,4,14,今年二十一的我仍然相信着你在终点等我，这过程虽然漫长，但你终究会来，你来了吗，我的月亮🌙,1,你偷走了我的月亮,285648876
1408,2018,4,14,漫步的渴,0,E-V-Z,86643853
1409,2018,4,14,？？？愿你不会被人肉,0,rfmjs,1357855390
1410,2018,4,13,很温柔的感觉,0,暮至明,94756999
1411,2018,4,13,难听,1,飞鱼小乄,616820243
1412,2018,4,13,舒心,0,毛毛虫0912,323067104
1413,2018,4,12,力气用错了方向，就是在撞墙。把自己卖了给人家当能量供应机还被嫌弃,2,大长腿____111,436364346
1414,2018,4,12,大哥[强],0,啥名都被取了啊,614034396
1415,2018,4,12,结尾好喜欢,0,大笑balabala,370379906
1416,2018,4,12,我喜欢的男生啊，他喜欢一个有着狐狸眼的女生,4,松啊松啊松松呀,625796210
1417,2018,4,12,↑ 因为你很刻薄,0,雪碧泡菜,91526070
1418,2018,4,12,璀璨了,1,雪碧泡菜,91526070
1419,2018,4,12,最近老是想听这首歌！,2,王子面oO,249311860
1420,2018,4,12,从来没有一个二十二岁的女生，像她一样唱歌！,0,子之选天,1391150898
1421,2018,4,11,我一听这首歌就决定这周单曲循环的歌了,3,天上星呐呐,391225167
1422,2018,4,11,最后一小段好听,1,在容9950,479864785
1423,2018,4,10,我也很喜欢孙燕姿，记得我那年上初三，爸爸出差给我带回两盘孙燕姿的磁带。现在我已经是我可爱女儿的爸爸了。,4,__金克丝__,55502547
1424,2018,4,10,我很渴，但不是什么水都喝,1,马拉展,481333347
1425,2018,4,9,+1,0,不要喝快乐水了,514570874
1426,2018,4,9,天黑黑的时候还在上高中，一晃十八年了,1,啥名都被取了啊,614034396
1427,2018,4,9,老人说的话也不是全对，爱的人要抱紧了，别撒手，好的习惯要坚持住，别堕落,3,啥名都被取了啊,614034396
1428,2018,4,9,💪,1,彭十二--,619169995
1429,2018,4,9,好巧😝,1,彭十二--,619169995
1430,2018,4,9,偷偷,1,孤单---个人的狂欢,263901035
1431,2018,4,9,我渴了,1,三伏和三九,494109747
1432,2018,4,9,来过,1,武器偷家了,313386457
1433,2018,4,9,"爱一个人的时候，总是觉得是永远，
后来因为生活，分开了，
能怎么办，
要继续生活啊，
这就是爱教会我的，
残酷的，
在孤独中孤独着
欢喜的，
去遇见未来的。",4,洗澡耳朵,631502598
1434,2018,4,9,❤️,0,静夜里的单簧管,113395838
1435,2018,4,8,哎哟，谣言制造者不是那么好当的呢,1,Joyoungster,53947291
1436,2018,4,8,[爱心],1,爱笑的阿炜,415531426
1437,2018,4,8,好听,1,大流氓音乐,5773483
1438,2018,4,8,爱你 燕姿,0,小智慧大奮青_囝,105812213
1439,2018,4,8,Wzm,0,蒙洽洽1707,533920960
1440,2018,4,8,三思而后行,0,雪凡凡凡凡凡,472060134
1441,2018,4,8,说话做事都是要讲证据的 一家之言不是实锤,2,1ostintrans1ation,77046783
1442,2018,4,8,2018.4.8 9:51,1,樱径_,331425079
1443,2018,4,8,擅长两件事，伤害和哄人，前者针对自己和他人，后者针对他人。,2,kid-aunt,264596438
1444,2018,4,8,秘密烂在心底,0,elmoslide,321972030
1445,2018,4,8,我也在上课，同城，,2,梦中不识路-,288256806
1446,2018,4,8,加油💪医学生,1,Chen小玉,246829375
1447,2018,4,8,你带我走出低谷，你的渴让我重新抬头，三年过后我的生活过得很好,1,酒醒温存,455489896
1448,2018,4,8,2018.4.8  19：27坐在教室看着内科书，听着《渴》 不能回头，回头就迷失了当刻🏃,3,彭十二--,619169995
1449,2018,4,8,有些歌曲就是越听越入戏！,1,酒城笛歌,331054064
1450,2018,4,8,哇塞，吸欧气吸欧气[爱心][爱心],2,_____GUSIYAO____,44551253
1451,2018,4,8,心酸,0,很特别的丧,311954259
1452,2018,4,8,一起加油！,0,荼靡_-,330863900
1453,2018,4,7, 当握紧的手松了。伤愈合。,1,七号找不到,54598405
1454,2018,4,7,老人说，推开自己喜欢的东西才是成长🍃,2,薇哥g-,356288123
1455,2018,4,7,可恶,3,流浪歌手wjt,247456632
1456,2018,4,7,xdd,5,扯了个犊子,117860816
1457,2018,4,7,儿子，爸爸也来听下,2,厌世_zz,398335773
1458,2018,4,7,要高考了！   加油💪,2,CAOOOOJJJJ,264124903
1459,2018,4,6,"老哥真的快
",0,东东鸡吖,414097266
1460,2018,4,6,xddxdd,5,-北冥有渔丶,516914716
1461,2018,4,6,"zml你很喜欢听这首歌，分开了1年，虽然是我的原因。
还有13天就是你的生日了，我还是很想你，希望你能看到(｡•̀ᴗ-)✧",1,罪恶的傲骨终成王,112689578
1462,2018,4,6,XDD加油,2,我差不多少是只废皮卡丘了,111270356
1463,2018,4,5,感谢自己的努力爸,0,羊烦了,72303527
1464,2018,4,5,四季豆[呲牙][呲牙][吐舌],0,Gubingran,496648558
1465,2018,4,5,祝大家都可以梦想成真。,2,谛云roly,9968546
1466,2018,4,4,是 取悦 啊[心碎],0,Cru3h,634603527
1467,2018,4,4,我不是等你来喜欢我，我实是等我不喜欢你。就等“当握紧的手松了 伤愈合了”,1,Eochyee葉,542685098
1468,2018,4,4,他连表达爱的都吝啬，又怎么配得你的爱,1,Eochyee葉,542685098
1469,2018,4,4,这歌怎么这么靠后啊[生病],0,鸢聿,399811087
1470,2018,4,4,他的都好听,0,喜欢老田16年的92老叔叔,284013353
1471,2018,4,3,小姐姐  会好的都会好的 会有终于放手往前走的那一天,0,sxrtvyhji,69438549
1472,2018,4,2,这首歌超级耐听，节奏超级上口。,1,Levi子墨,101820340
1473,2018,4,1,😚,0,FJane,63852390
1474,2018,4,1,加油！ 越来越璀璨,0,clq1997,407236616
1475,2018,4,1,恭喜恭喜,1,------遇见------,341597666
1476,2018,3,31,恭喜呀！,0,柏原崇家的大老婆,296450999
1477,2018,3,31,希望硕士顺利毕业 快要被论文逼疯了 舍不舍[拜],6,曾经坚持过的故事不必再提-,62903769
1478,2018,3,31,听着内心超级平静！,0,蘸水的奶油饼,550634668
1479,2018,3,31,恭喜,0,睡不到王俊凯跟咸鱼有什么区别,419986055
1480,2018,3,30,什么时候听都可以把我听的想哭,1,jwjylyh,478594411
1481,2018,3,30,心疼  愿鲶宝 16岁学会隐忍  18岁实现梦想 🙁,7,小涵餓了,247097894
1482,2018,3,30,还有70,0,EI-vampiro,129767123
1483,2018,3,29,根本忍不住  弟弟加油,0,冬晴丷,332744130
1484,2018,3,29,会好的,0,正经学生y,133128646
1485,2018,3,29,现在有了！,0,LinWanchun-,102138032
1486,2018,3,29,小姐姐来日方长 你一定要开开心心的[星星],0,top1bfz,622648085
1487,2018,3,29,摸摸头,1,国服第一走位河蟹,312183716
1488,2018,3,29,基...fou?,1,国服第一走位河蟹,312183716
1489,2018,3,29,还有64天,2,a_shun01,75131434
1490,2018,3,28,还有260多天,1,Jason_Xye,293202154
1491,2018,3,27,最近评论里都是考研复试的 啊真的希望可以考上自己心仪的🙆 明年就是我啦🙆,7,komorebi_la,87522663
1492,2018,3,27,哇哇哇！！！太棒啦！！！！,0,komorebi_la,87522663
1493,2018,3,27,燕姿！我考上了考上了！,61,奡樹,82341423
1494,2018,3,26,希望这个六月我也能够璀璨下,3,------遇见------,341597666
1495,2018,3,25,刚出来看到热评第一说考到纽约大学 当时是在大二 心里想什么时候我也璀璨下 去年我也成功璀璨的考上了研究生[可爱],14,林守乐,55243746
1496,2018,3,25,不请自来了，网易懂我[流泪],6,蓝色Danube,284084273
1497,2018,3,24,我超喜欢航仔,1,kiddHETONG,117042750
1498,2018,3,24,我喜欢航仔,1,kiddHETONG,117042750
1499,2018,3,24,这个眼妆真好看,0,Second-Nature,94169254
1500,2018,3,24,我坐在海边沙滩，塞着耳塞，听着燕姿，世界都是蓝色的。,0,黑色卧蚕,326540170
1501,2018,3,23,我就是狠不下心[心碎],0,ABCAD-BD,409165058
1502,2018,3,21,记得第一次听是在高一，时隔三年，味道依旧没变，可能不管当时的我还是现在的我，内心都是悲哀的渴望被爱,1,冯野sir,562363263
1503,2018,3,20,鲶鱼怪听的歌 除了rap我觉得都还行[呆],5,请叫我小兲,511731869
1504,2018,3,20,我爱你啊,0,不得舍,466574862
1505,2018,3,20,手松了 伤愈合，卸下了 就璀璨了，手松了 伤愈合，卸下了 就璀璨了。,2,33轉的LP,630862795
1506,2018,3,20,学霸你好,0,wgx爱音乐爱生活,309806979
1507,2018,3,19,你在我的航程上，我在你的视线里。,2,极美欢庆,351351231
1508,2018,3,19,以前单曲循环的歌，现在的情绪是想哭[流泪][流泪],1,啰啰嗦大王,269259754
1509,2018,3,19,我居然都被感动出泪水了呢，可恶！,3,TodorokiS,557698490
1510,2018,3,19,"也是从孤存那里过来的呢,可恶。孤存一定会越来越棒的！",2,TodorokiS,557698490
1511,2018,3,19,爱何曾干涸，穿越生命的沼泽，我会遇见你的。🌙,1,朵啦小小,276233498
1512,2018,3,19,后面确实太有感觉了,1,33轉的LP,630862795
1513,2018,3,18,[可爱],0,ABCAD-BD,409165058
1514,2018,3,18,"我尝试对所有抱有一丝期待，这样总能收获意外的幸福，而就算不如愿，也不会过于失落。
回见",1,惊才藏古,346178784
1515,2018,3,18,认识前女友的第一首歌 在外租的房子 哈哈 可惜都是过去了,0,日狗的世界,288751493
1516,2018,3,18,今年校园歌手我就去唱了这首歌23333希望通过复赛,1,San氧化二铝,264480060
1517,2018,3,18,生日推荐第一首 复试加油[憨笑],0,蓝莓薄荷糖-,136099909
1518,2018,3,18,从视频里听到这首歌，他终究还是一个十七八的孩子，看习惯了他平时的嬉笑，看到他抹眼泪才发觉他还小，一直觉得他双商高，直播看过不少，但喜欢的只有他一个，继续加油吧，孤存！你是最棒的,19,Rebean,95520202
1519,2018,3,15,我终于考上纽约视觉艺术了,41,EscapeLMAL,419961326
1520,2018,3,14,膜拜一下学姐,1,花轰宝宝,53631166
1521,2018,3,14,哎，是个天才。,0,动感超人刘超,121430354
1522,2018,3,13,Xdd,10,月亮星星都睡了我还在陪你,393090785
1523,2018,3,12,@髒吟 ,0,最美的樱花和雪景都不如你,16933210
1524,2018,3,12,你没听见吗……,0,极美欢庆,351351231
1525,2018,3,12,眺望着,2,Biscuit2333,93338403
1526,2018,3,12,会遇见你的,2,暮至明,94756999
1527,2018,3,11,在上海出差呀,0,Cyber_Julia,57184604
1528,2018,3,11,什么情况，我姿这怎么全是小叮当[大哭],5,姿姿不倦,43678021
1529,2018,3,11,越听越喜欢！,0,左右求索,114677252
1530,2018,3,11,希望小叮当越来越好。希望自己越来越好,6,Ave_no,277148079
1531,2018,3,10,手松了，伤愈合，卸下了，就璀璨了,3,草莓奥利奥可丽饼_,265235269
1532,2018,3,10,😁😁😁,1,关耳佑,53946985
1533,2018,3,10,我也是才发现啊，刚出来时听了一两遍感觉不太那么强烈，最近常听，越听越有感觉[憨笑][憨笑],2,33轉的LP,630862795
1534,2018,3,10,起风了和这首歌开头好像。[汗],1,Kclvin--Y,334019479
1535,2018,3,10,励志呀兄弟,0,第三次杀人,325189566
1536,2018,3,10,没错没错！我在热评上没看到有关的，我以为只有我一个人听到了,2,给你一口颜,314008176
1537,2018,3,9,是的,0,叶--归,1348705813
1538,2018,3,9,过的好的 过的不好的 都有春天可以期待,1,说起来很漫长,12397123
1539,2018,3,9,强无敌,1,百味Kk,399860272
1540,2018,3,9,是这个bgm？,0,罗竣文,122107326
1541,2018,3,9,或许是因为那个水友被打死了才觉得这么感动吧。。如果没有被打死，，而是他们还语音聊天起来。。也许就没这种感觉了。人们感动的多数是遗憾的。。如果太完美反而没什么了！！！,9,叶--归,1348705813
1542,2018,3,9,看到真的很感动。像电影一样,5,叶--归,1348705813
1543,2018,3,9,看到小叮当摸眼睛，感觉自己眼眶也湿润了，他才16岁啊，值得被更好的对待，可恶，我也要努力拼搏了呢,27,奶油马卡龙_,119145205
1544,2018,3,9,黑人兄弟倒下去的一瞬间，嘴角仿佛带着一丝笑意：带着这份等待，躁动，上路吧，可恶，这或许我唯一能遇见他的一次机会了吧....................................[流泪],22,Bone-Dry,61073835
1545,2018,3,9,都给我哭😭,0,1essleep,312634501
1546,2018,3,9,你看长大这两个字都没有偏旁，像我一样孤独极了！,0,WZJ_18,347157467
1547,2018,3,9,同,2,百味Kk,399860272
1548,2018,3,9,小丁做事小叮当,4,挪威吴彦祖,313367993
1549,2018,3,8,当初犹豫着高考，害怕连二本都考不上！现在躺在这个烂二本的宿舍，却怎么都不敢去走考研这条路了！好多事，都说努力了就能做到，可能说努力就能控制住情绪去努力的人还真不是一般人啊！,1,烈焱腾飞,90782609
1550,2018,3,7,都是以吉他为主旋律的吧,0,Ypengsayhi,69517556
1551,2018,3,7,这首的感觉和《极美》好像啊,2,彼岸zj,304862494
1552,2018,3,5,别吓我,1,彩虹金刚1705,479219153
1553,2018,3,5,那么此时此刻呢。,0,心高气傲的小费物,455444437
1554,2018,3,4,5秒时候有一个男人清嗓的声音,2,訾央伪装小漠漠,247480354
1555,2018,3,4,现在是不是已经毕业了？加油,0,街少,58401829
1556,2018,3,3,会遇见你的 一定会的,2,chency87,507791625
1557,2018,3,3,好喜欢这首,2,惣流-,7122347
1558,2018,3,1,我十七岁开始喜欢燕姿，现在二十二，整整五年。可以说这是我最重要的几年，从懵懂到成熟，都有她的声音陪伴，真好啊。[爱心],3,AL缱绻,1378205062
1559,2018,2,28,什么鬼,0,今生今世YS-,264232963
1560,2018,2,28,孙燕姿的声音，逆着时间的河，萦于耳畔。,4,陆肃霜,280800321
1561,2018,2,27,一定要听听,1,听见你的声音c,109927698
1562,2018,2,27,现在也不迟！孙燕姿风衣也好好听,0,彩虹金刚1705,479219153
1563,2018,2,27,时间的沙像首歌,1,孙燕姿的锁骨,17714009
1564,2018,2,27,[大笑],0,叙芽龙府的海底世界,102572349
1565,2018,2,26,燕姿,1,未完成19991230,503310441
1566,2018,2,26,爱你,1,未完成19991230,503310441
1567,2018,2,26,璀璨了,1,未完成19991230,503310441
1568,2018,2,25,璀璨了,1,未完成19991230,503310441
1569,2018,2,25,好听,1,未完成19991230,503310441
1570,2018,2,25,我也不知道他喜不喜欢,1,皮卡可丘,392495798
1571,2018,2,25,喜欢孙燕姿的男孩也不少哦,5,今生今世QGH,108805961
1572,2018,2,25,不不不，不是道歉，是从歌词里面找歉意，嘿嘿,1,今生今世QGH,108805961
1573,2018,2,25,现任男友呢,1,今生今世QGH,108805961
1574,2018,2,25,哈哈，共勉,1,今生今世QGH,108805961
1575,2018,2,25,嘿嘿😁😁,1,今生今世QGH,108805961
1576,2018,2,25,我@言之有物言之有序 @下她问问😂😂,1,今生今世QGH,108805961
1577,2018,2,24,我会再遇见你的。,1,杨超越丨,445468321
1578,2018,2,23,你慢慢算账，期待你的到来，期待跟你一刀两断。,1,阿狸2022,80367065
1579,2018,2,23,这首歌跟小说云胡不喜好配哦,1,boudle彬,31267202
1580,2018,2,22,别灰心，,0,__欧拉__,348888550
1581,2018,2,22,2014年我的两个大偶像同时发专辑 主题都是关于时间 我第一次失恋 难受的不能自己 听到她们开演唱会的消息 第一次背起行囊 独自一个人去了演唱会 那是我青春时光里少有的冒险经历 后来我真的走出来了 这么多年耳朵里都是那一句 还计算什么 爱何曾干涸,1,我才不是撵红兔,281210342
1582,2018,2,21,你女朋友很幸福,0,嗣永moon子,251721183
1583,2018,2,21,爱姿病，药石无医[爱心],2,_________--_________,291595171
1584,2018,2,20,打卡,0,懒得取名纸,506349583
1585,2018,2,19,[可爱],0,新月012,31095886
1586,2018,2,19,新年愿望：2018两只多见面一些更甜一点，并肩为王。,6,不要哽咽啊爱人,80831471
1587,2018,2,18,以前怎么没发现这么好听的歌,2,听见你的声音c,109927698
1588,2018,2,15,我现在只能在西外的图书馆里听这首歌，希望以后能在同济图书馆,4,小阿门儿,385204082
1589,2018,2,14,打卡3358,0,河山i,474547360
1590,2018,2,14,羡慕,2,H-S_Sun,296312220
1591,2018,2,14,谢谢！,0,Phenomenon-Nandemonaiya,106991524
1592,2018,2,14,b站看了方墨渴这个视频就来找这首歌了 歌很细腻 方墨的剪辑很细腻 方墨 也很细腻,6,2711221,481354108
1593,2018,2,13,嘘,1,鲛人月,320767413
1594,2018,2,13,难受，学姐有男朋友了。。,0,Phenomenon-Nandemonaiya,106991524
1595,2018,2,13,[流泪][流泪]难受哇，学姐有男朋友了,0,Phenomenon-Nandemonaiya,106991524
1596,2018,2,13,难受啊  学姐有男盆友,0,Phenomenon-Nandemonaiya,106991524
1597,2018,2,13,好难受啊  学姐有男盆友,1,Phenomenon-Nandemonaiya,106991524
1598,2018,2,13,加油,0,这位妹妹我曾是见过的,370132387
1599,2018,2,13,小学姐推荐的歌，明天情人节表白。,0,Phenomenon-Nandemonaiya,106991524
1600,2018,2,11,有些话真的很难开口，即使我们有太多欲言又止的瞬间,4,阿深---,362152084
1601,2018,2,11,嘘,7,奔向那山那狗那姑娘,629673557
1602,2018,2,11,最爱,0,Mnizx,136181834
1603,2018,2,10,听你,7,奶油抹茶_,289054126
1604,2018,2,10,还有一半路，一起加油啊！,0,魏国花香,468742044
1605,2018,2,9,一起分享的音量要比一个人的时候多三格,45,kkdisjjsubs,358199052
1606,2018,2,9,我想你 我想你,29,有明安在我就很开心,310218868
1607,2018,2,9,然后他们相互告别 又各自启程,50,ALoserLikeMe,2866541
1608,2018,2,9,其实就算没有你还是会渴，但因为你，我愿意等。,0,carrylife98,253201021
1609,2018,2,7,我也有小私心 希望…,1,睡不到王俊凯跟咸鱼有什么区别,419986055
1610,2018,2,7,孙燕姿[爱心],2,御坂1106,286738288
1611,2018,2,6,因为孙燕姿，喜欢上短发爱笑的女生[大笑],3,-澍辞-,427704425
1612,2018,2,6,"时间偷走了些什么
却又留下些什么
回头就迷失了当刻
[男孩][女孩]",0,丁diiing,267973084
1613,2018,2,6,上次听还坐在考研教室里，而现在知道自己可以进复试了。卸下了，就璀璨了。,6,奡樹,82341423
1614,2018,2,6,没克卜勒有传唱度[奸笑]，歌手7找个歌手翻唱一下立马就会火的[奸笑],0,藤子小小,259233057
1615,2018,2,3,璀璨了[生气],2,首首都是孙燕姿,248849697
1616,2018,2,3,好听b,1,首首都是孙燕姿,248849697
1617,2018,2,2,3333  打卡,0,潜水大鲸鱼,476471883
1618,2018,2,2,最后十几秒 太好听,0,潜水大鲸鱼,476471883
1619,2018,2,2,و✧,0,沐星_,273677181
1620,2018,2,2,确实是耶,1,Luzzzi,294677105
1621,2018,2,2,3329打卡晚安,0,QINGHE795,136794407
1622,2018,2,1,3328  打卡,0,潜水大鲸鱼,476471883
1623,2018,1,31,打卡,0,王金1711,632842409
1624,2018,1,31,在孤独中孤独者，才懂安静的渴,3,跳舞的反骨,33249451
1625,2018,1,30,后面结尾真好听,2,王金1711,632842409
1626,2018,1,29,太好听了,1,王金1711,632842409
1627,2018,1,28,在追逐中追逐着，才懂漫步的渴/在孤独中孤独着，才懂安静的渴,0,普鲁士渡,15894911
1628,2018,1,27,她推荐我的第一首歌,0,不知道叫什么还是算了吧,1287593054
1629,2018,1,26,二胎快乐,4,跳舞的反骨,33249451
1630,2018,1,26,“卸下了 就摧残了”听起来简单啊,0,盐啧温叔_,103065408
1631,2018,1,26,每每听起，都有学校的感觉，快高考了，都不敢想今后的回忆了,0,汝一妩媚众生倾,309150175
1632,2018,1,26,厉害了,0,zyyyyingyue,299086313
1633,2018,1,26,@千山无间 @故里北乡 ,0,你留下什么,65065485
1634,2018,1,25,14年4月19，燕姿复出开演唱会，第一站台北，第二站那天的上海，这首歌作为观众进场时候的音乐，真是好听,4,小粥周周,293721779
1635,2018,1,25,我都等了你好久了,0,甜甜圈宝藏女孩,287364553
1636,2018,1,25,你在哪儿,0,甜甜圈宝藏女孩,287364553
1637,2018,1,25,想见你,0,RosanaQuerroVolar,387026719
1638,2018,1,25,我真的很喜欢听她唱 呼~ 的那个调调，真的很享受，思绪能飞到很远... 我喜欢的第一个歌手！[憨笑][憨笑][憨笑],1,young-实,567219202
1639,2018,1,24,解渴吧[大哭],0,分裂_余音,97281633
1640,2018,1,23,听了快十年的孙燕姿，每一次都是一种全新的体验。爱你，燕姿~~,0,韶华rose,350294238
1641,2018,1,23, 享受孤独吧 没关系了[憨笑],2,Uuuuuscto,252780150
1642,2018,1,22,起风了,2,婉仪不是玩意,107727419
1643,2018,1,22,星星死在天上 名字葬在咽喉 我们沦落成爱人 口齿不语耿耿于怀 你正朽于喧嚣我正老于世故,2,该账号已被强制注销了,1303413335
1644,2018,1,22,我会永远向你追逐，即使遇不见你，也能遇见更好的自己,2,别闹-没见我烦着呢,467649139
1645,2018,1,20,声音和歌词都让我想起金玟岐的《岁月神偷》,1,噬菌体_,333171284
1646,2018,1,20,陪伴我高考的歌，谢谢哟，还有那些人，，,0,西葫芦北瓜,558243814
1647,2018,1,19,晚安,1,道一句当时只道是寻常,296938349
1648,2018,1,18,开头有个，嗯肯,0,老炸炸在线听歌,357481853
1649,2018,1,17,璀璨了,0,尾巴super,98283786
1650,2018,1,17,下午考英语！,0,AIlennolan,467487362
1651,2018,1,17,真好听,0,AIlennolan,467487362
1652,2018,1,16,感谢这首歌陪过我,2,跌进银河,290642808
1653,2018,1,16,厉害了[强],0,幼儿园文凭的摩羯,299359341
1654,2018,1,16,时间的沙像首歌,1,鲸与天空ocean,294942951
1655,2018,1,15,"在追逐中追逐着，才懂漫步的渴。
在孤独中孤独着，才懂安静的渴。",6,Landung,562248348
1656,2018,1,14,听多了怕你弯了[大哭],3,半座城池丶,500055772
1657,2018,1,14,"在追逐中追逐着 才懂漫步的渴在孤独中孤独着 才懂安静的渴",2,浅巷,9982551
1658,2018,1,14,走不出局，只缘身在其中,0,josherryyu,620433041
1659,2018,1,13,第六年了，~(>_<)~,1,LLZQZY0214,98571318
1660,2018,1,11,真的不能听这个 感触太多,0,小白先生的小音乐,360600926
1661,2018,1,11,嘿嘿真好听,1,AIlennolan,467487362
1662,2018,1,10,好听无人听系列.不过我喜欢[亲亲],2,山呀海,104643636
1663,2018,1,10,在孤独中孤独 才懂安静的渴,1,爱不释手-,135872108
1664,2018,1,10,额，你慢慢看吧[18],0,站在红土大陆上,328457863
1665,2018,1,10,最近看小美好。哈哈哈,0,sad猫猫,1313416121
1666,2018,1,10,咋样🌝,0,站在红土大陆上,328457863
1667,2018,1,10,胡一天耶,0,sad猫猫,1313416121
1668,2018,1,10,人要是矫情起来，听什么歌都像自己,3,你的人生没有我了,394205132
1669,2018,1,9,这首歌明明这么好听啊,3,站在红土大陆上,328457863
1670,2018,1,9,嗯嗯,0,氵九木-,323446277
1671,2018,1,9,哎呀 就是特别喜欢你呀,0,氵九木-,323446277
1672,2018,1,9,璀璨了,2,这些日子以来突然变成空白,45424561
1673,2018,1,9,哇好听哎,0,氵九木-,323446277
1674,2018,1,9,欸始终会找到你的,0,Dtttttttttt呀,108188024
1675,2018,1,9,我也是[憨笑],1,遇姿人,541269428
1676,2018,1,8,好喜欢最后“手松了，伤愈合”到结尾～[大笑],0,兔子不吃胡萝卜吃啥呀,352672820
1677,2018,1,8,开头很像iu的除了春天爱情樱花！,0,加冰加快乐,284014403
1678,2018,1,8,每次没有动力学习的时候就习惯打开网易云听一听这首歌 单曲循环好几遍 很舒服。感谢燕姿[爱心],2,北北北北北北v,343363423
1679,2018,1,6,你就是我的年度歌手,2,十三姐的小流氓hh,405570613
1680,2018,1,4,我也是头几天一直哭，刚开始偷偷哭，后来逛着街就哭～但是现在就是有点心情不好而已,0,熊瞎子不吃早餐,249983627
1681,2018,1,4,连我也觉得可怕 为什么我的网易云里全是你,0,Strangermo,93213987
1682,2018,1,3,初闻不识曲中意，再听已是曲中人,8,失忆的画面,318605580
1683,2018,1,3,你知道吗我刚刚听着我们在一起的一段录音对话，我好想他好舍不得，好难受我想走出来，可我觉得自己还会找他，怎么办,0,留步柒,298137832
1684,2018,1,3,别哭了，推荐你听一首歌<那就这样吧>，我就是多听了几次就放下了。时间会治愈一切，希望你未来能找到爱你到老的人。,1,追风少年拉姆塞,322306098
1685,2018,1,3,腻害,0,帐号已注销,100096277
1686,2018,1,2,"我居然听了256遍。
那么再多一百遍吧。",2,Landung,562248348
1687,2018,1,2,一直哭，怕自己去了学校哭了被人看到，好痛，听着那句手松开伤愈合，卸下了就璀璨了，好累啊，加油，会好起来的，会放下的，让他过去吧，我很疼，我和舍不得，可是那又怎么样呢，他已经不爱我了，太累了，我觉得我一定会熬过去的,0,留步柒,298137832
1688,2018,1,2,我第五天，我走出来了，加油💪🏻,0,熊瞎子不吃早餐,249983627
1689,2018,1,2,失恋第一天，哭完又开始哭,0,留步柒,298137832
1690,2018,1,2,沙粒落下的声音  那么那么像掌声  ……,1,很多时候都是我问太多了,131668969
1691,2018,1,1,希望有人陪我去看我姿的演唱会，只是一个简单的愿望而已。,0,Summer樱祭,10314366
1692,2017,12,30,渴的意思就是爱啊,4,没有裡想的人不伤心,467272747
1693,2017,12,30,克卜勒全专最佳这首歌,3,观音是个男孩,117719899
1694,2017,12,29,手松了，伤，为什么还不会愈合呢。,1,冲绳岛怪猫,332452159
1695,2017,12,29,日退[爱心]，听到这么好听的歌,0,大呆n,566935169
1696,2017,12,29,我想愈合了，心还是会痛的,1,大呆n,566935169
1697,2017,12,29,[色],0,9点人,124168580
1698,2017,12,27,是越听越惊艳的歌,0,习惯长眠不醒,287530504
1699,2017,12,26,手松了，伤，会愈合吗。,2,冲绳岛怪猫,332452159
1700,2017,12,25,新专辑《跳舞的梵谷》第一印象就非常棒，但是回头听《克卜勒》，却发现这张最耐听，大概不会过时吧,5,going_up_stef,372536854
1701,2017,12,24,真的被惊艳到了。而后是满满的孤独感。,3,昨天不小心路过,116278068
1702,2017,12,24,听听当时你听过的歌，体会你当时的心情,1,Sakura_桂树,319703571
1703,2017,12,23,在孤独中孤独 才懂安静的渴💜,2,假假假假都是假的,486528863
1704,2017,12,23,"很幸运 能够听到这首歌
很幸运 能够和你们一起喜欢燕姿",2,芒果酸奶布丁柠檬水,489080091
1705,2017,12,23,人若钻石需细细打磨,1,Allof丶Me丶,96687313
1706,2017,12,22,最近迷上这首歌，一直单曲循环，越听越上瘾。,3,Kfifi焕,254748812
1707,2017,12,22,这歌陪伴了我的高考，高中的心境和歌词中唱的一样一样的~,3,牵小黄牛的女孩和迎风飞扬的少年,400368561
1708,2017,12,22,喜欢这首歌，今天第一次听,2,扎女孩的小辫子1007,478639854
1709,2017,12,22,谢谢,1,小鱼儿-CXY,339488034
1710,2017,12,21,祝所有考研的小哥哥小姐姐一切顺利[呲牙],6,123周小舟,127146760
1711,2017,12,21,加油哦,0,123周小舟,127146760
1712,2017,12,20,上次听这首歌我还骑着自行车，如今开着我的兰博基尼在二环溜达,0,Wzyuu,136670473
1713,2017,12,20,过几天就要考试了，希望自己能正常发挥，为自己加油。,2,小鱼儿-CXY,339488034
1714,2017,12,19,打卡,1,dongchai,381783590
1715,2017,12,19,满昏,0,川玙文,429120076
1716,2017,12,19,不谈鸡汤，不说歌词，单纯就是好听,2,晨星雪漫,53702999
1717,2017,12,18,记得高三下了晚自习熬到12点听了全专，第一首就是这首然后疯狂循环了一个月还把歌词背了下来，当时对未来的憧憬热血，现在是否还能有那种心情呢[哀伤],2,dist18,268114935
1718,2017,12,18,"凌晨十二点听着渴写着论文想着你",1,青沾,264071601
1719,2017,12,17,考研转专业注定是一条很难走的路，但是又是我必须走的路，我要追，我要去，我要把我想完成的梦做完。,36,吃菠萝炒饭,328108728
1720,2017,12,15,手松了 伤愈合 卸下了 就璀璨了,2,囍初三,16147720
1721,2017,12,14,耳耳耳儿呃呃呃儿额额额,0,风筝鹏,298910866
1722,2017,12,14,12·14,1,十禾叶,507213446
1723,2017,12,13,这首歌是我的最爱最爱的歌了，有一种神奇的魔力，刚刚推荐给室友听，她一下子就爱上了，超有感觉的。,2,Z姓姑娘-,617105418
1724,2017,12,13,因为我懒，所以我浪漫，多爱一个人，想想就麻烦,1,Ww栀子,361138120
1725,2017,12,13,过的很差,3,Yeason_f,346917666
1726,2017,12,13,突然想起了这首歌,1,更重要的是灵魂,121372211
1727,2017,12,13,喜欢就在一起 别给青春留遗憾,1,遇姿人,541269428
1728,2017,12,13,加油,1,遇姿人,541269428
1729,2017,12,12,这个B我给满分💯,0,一路人tthh,494497399
1730,2017,12,12,加班的时候听特别安静而又有动力～,1,丽丽酱在路上,404212472
1731,2017,12,12,时间的沙像首歌 有多少曲折,1,湾岸畔,466959074
1732,2017,12,11,2017.12.11,1,琉瓦蓝,129829085
1733,2017,12,11,太美了哈,0,三味xia,314328356
1734,2017,12,11,梦做着做着就醒了  真妙 真妙，，，,0,蔡mai,617230670
1735,2017,12,10,姐姐好,0,马丁9259,263155604
1736,2017,12,10,全专最喜欢了！,1,柠檬先,622753210
1737,2017,12,9,"高三。17年来最冷的一个冬天。
拥抱苦难，穿越生命中的沼泽。
应该就会迎来春暖花开的日子吧。",8,我想你听见了,428264985
1738,2017,12,9,NYU,0,chao0817,40035950
1739,2017,12,9,生命如河，时间似沙，攥得越紧，也是竹篮打水，顺其而流，漫步其中，就会到属于它的地方。,0,喝可乐的蚂蚁会游泳1711,1293876990
1740,2017,12,9,胃疼 睡不着 单曲循环渴,0,陆裴,89202765
1741,2017,12,8,晚安,0,阿土笑了,438293164
1742,2017,12,8,抱抱你,0,1Q887,253110196
1743,2017,12,8,曾经听到爆哭了一晚上....,0,Jesss-y,82688184
1744,2017,12,7,其实总有一段路，是会一边哭着一边走完，而最后卸下了，亦璀璨了。,3,丶Transparence,384611008
1745,2017,12,7,20岁的雨天美好。以后的雨天也美好。20岁的雨天没有拍下的那一树玉兰，以后也还会盛开。过去都已经挥霍完毕了，沉溺于遗憾又能怎样呢？要向前看啊年轻人。,0,地图南,81701851
1746,2017,12,7,卸下了 就璀璨了,0,暮至明,94756999
1747,2017,12,7,最冷最灰暗的一个冬天,2,阿土笑了,438293164
1748,2017,12,7,"穿过生命的沼泽
会遇见你的",1,枳澧,476688648
1749,2017,12,5,你应该很孤单吧，一个人无聊的翻着评论，看着评论，而这一秒，你正好看到了我的评论，你好，陌生人， 记得吃早餐 如果可以，我们做个朋友吧,62,声噪-,263773294
1750,2017,12,5,超治愈,3,全梨软,499338695
1751,2017,12,4,我渴望成功,1,温柔的小茶花,16198729
1752,2017,12,4,不知道为什么突然好喜欢这首歌,2,追逐中追逐,1303225137
1753,2017,12,3,想变成更璀璨滴人,2,丶阳光下午睡,109059586
1754,2017,12,3,真是越听越有味道的一首歌,0,bulankaa,73550678
1755,2017,12,3,转音真好听,4,九里阿,298749832
1756,2017,12,3,真的，声音太有辨识度了,0,村头烫头王师傅,67990746
1757,2017,12,2,我心里很难过，很想你，你是很接近我内心最深处的人，没能撑到最后我也没办法，不能共度余生很遗憾。世上烦恼十之八九，可与人语不足二三，如果我们还在一起，你应该会是一个知道我百分之九十痛苦的人了，可是你不在了，我也没有可以倾诉的人了。我好中意你啊，但我只能告诉自己要更勇敢吧。,4,heyheybaby_,400445516
1758,2017,12,2,安利给身边朋友，听了三天的单曲循环，才终于愿意切歌。就是这样啊，很多事情，放下了才会是璀璨。,0,__你啊你啊__,317661464
1759,2017,12,1,谢谢让我遇到你！虽然晚了这么多年！孙燕姿。,1,八块腹肌的黑道大叔,118163995
1760,2017,12,1,喜欢他超过四年了现在上高二有个高三的学长喜欢我而我刚好也喜欢他可是不知道要不要接受他,4,一个俗人的早晨,448324948
1761,2017,12,1,突然听到这首歌……突然今天12月了……突然他也离开两年了，12月注定悲伤！,0,小鑫鑫的小世界,554891314
1762,2017,12,1,有点像“樱花草”的调调,0,Yan-zzzzzzz,423620647
1763,2017,11,29,以前的歌还如数家珍 想一想竟也有十年之余了,1,Joan总是突不破,122128909
1764,2017,11,28,听完内心舒畅，啥事需要放在心里，走吧，一个人很溜。,1,片叶籽,570938153
1765,2017,11,28,补个新评！！,0,谁会起床,454090760
1766,2017,11,27,很喜欢的歌。,0,若夏861,592173860
1767,2017,11,27,学校广播放了几次，听歌识曲来到。华软[可爱],0,Confidence的蜗牛,303554673
1768,2017,11,27,舒心不过是，你在忙碌，却有等待和归途。,3,未来的你是否会记得,330902146
1769,2017,11,26,没有谁是没有谁是不能的,1,北语弦,360949942
1770,2017,11,26,好。比较安静,0,Goodenough古迪纳夫,351012265
1771,2017,11,26,我...也想璀璨    但目前只有颓烂     orz,0,你_看起来好像很好吃,110892655
1772,2017,11,25,就好像最初喜欢的人也不会改变一样。,0,若梦丶格调,506988834
1773,2017,11,25,丝路是阿信作词王力宏作曲！,1,Eve夜汐,74830928
1774,2017,11,25,重新回顾自己以前的歌单，发现这首真好听，果然喜欢的歌不会因为时间而改变,1,鳄梨LILILI,342257281
1775,2017,11,24,好久没有扑通扑通的感觉了，,0,Ulrich_C,264243948
1776,2017,11,24,因为有你的存在，当我回忆年少时光，必将笑如春花灿烂,0,岛里个岛,65161529
1777,2017,11,24,真的像丝路！！！！！！！！,0,诗人漫步123456,354947796
1778,2017,11,24,越听越有味道,0,沐小潇,532740478
1779,2017,11,23,学校广播站出好歌系列♡,0,北语弦,360949942
1780,2017,11,23,日推到这首歌的都不是一般人,2,难言之隐h,632446256
1781,2017,11,23,我好喜欢最后四句 还有类似的曲调吗,0,岁寅,88752878
1782,2017,11,22,倒计时24天，我开始单曲循环~,0,南子1710,609079858
1783,2017,11,21,这样的好歌，每隔一段时间听，感觉都不。一样。每次听都能带来感动与惊喜[大笑],1,杨欢榆,338626394
1784,2017,11,21,在追逐中追逐着,1,十四五歲的你,488032301
1785,2017,11,20,"厉害了
",0,火星大队长,486834629
1786,2017,11,19,听着喜欢的人唱。。,0,NeXT随遇而安,618825266
1787,2017,11,19,同你走的这段路，并不黑暗。,1,事事休先生,504742987
1788,2017,11,19,啊～上一次听是阿油陈怡要结婚的时候～看他们的故事然后背景音乐就是这首～❤,2,Molahola,93576901
1789,2017,11,19,寂寞要怎么衡量 和想你比起来简直不值一提,1,图书馆穿黄牛仔衣卡其裤的四眼仔,428284086
1790,2017,11,19,超级好听！！,0,水煮牛奶糖,406233465
1791,2017,11,19,在大学的食堂吃早饭，电视上在播mv，听音识曲，单曲循环~ 大学还是美好啊，但是也需要继续往前走啊~,1,不喜欢零和博弈的PHD,262675787
1792,2017,11,18,这么点评论不应该，应该破万的,0,晨星雪漫,53702999
1793,2017,11,17,🇺🇸用的,1,追风少年果小明,117647364
1794,2017,11,16,按理来说你现在应该是用不了网易云的[大哭],0,追风少年果小明,117647364
1795,2017,11,16,加油 ,0,像老田一样努力啊,40642415
1796,2017,11,16,才发现，孙燕姿的歌，这么好听，以前只听过几首，现在来听，这个专辑里面的都好听,2,谷雨小妮子,268748929
1797,2017,11,16,真的很抱歉啊 还是喜欢你啊,3,此间之谜,306794323
1798,2017,11,15,[色],0,小鸽子花yu,35235992
1799,2017,11,15,掌声收起来的一刻莫名有些难过，很多光芒的背后都是自己一人和黑暗和孤独死磕，等来那一瞬间的转瞬即逝,0,-ydchh,582826651
1800,2017,11,14,hhhhh笑出声,3,星星星星星星星星_,455444130
1801,2017,11,14,我只想说，你们听到六秒是的清嗓子声音了吗？听粗犷的说。。。[大哭],4,你看我像不像是一条狗,260257180
1802,2017,11,14,这首歌 细节的音色处理的好美  ,2,糖果盒子小麻雀,50790248
1803,2017,11,14,可能吧………那个女孩子就是我。,0,苏三伞,111844957
1804,2017,11,14,我想我又多会唱了一首歌,1,牛奶怪亲爱的,328841090
1805,2017,11,14,解释了你的一生？,1,牛奶怪亲爱的,328841090
1806,2017,11,14,有些歌 终于听懂了 一瞬间,3,astr_h,312367872
1807,2017,11,14,最近燕姿出新专，又把她之前专辑翻出来听，发现这首好好听，后知后觉,1,啼春子规,16670177
1808,2017,11,13,有次音乐课  我们班有个女孩子唱了这首歌,1,苏三伞,111844957
1809,2017,11,13,才听第一遍就知道这歌一定百听不厌[可爱],1,猫卟叽,100644347
1810,2017,11,12,回顾克卜勒,2,哦珍妮花比尔斯,137203265
1811,2017,11,12,会上瘾的一首歌,4,也许如也,103235221
1812,2017,11,11,说的太对了，卸下了，就璀璨了,2,請叫宋長老,373701684
1813,2017,11,10,精辟！,3,天边的尊,320236361
1814,2017,11,10,手松了，伤愈合。。,0,放晴_-_,324271641
1815,2017,11,10,[呆],0,听蝉丶丶,108933957
1816,2017,11,10,每次听  都会想起高三那年的每个周末，坐在往返于家和学校的公交上。只有周天的下午，才能在机械式的学习中解脱出来，获得一点点欢愉，直到如今大三，依然印象深刻。,5,带你去一样,130786953
1817,2017,11,10,发完我就放下手机了[大哭],0,ccc59,16661655
1818,2017,11,10,如同前面的掌声 一刹那消失了。繁华终散去 你需要跟孤独的自己面对面。,0,澤安先生,91984336
1819,2017,11,9,說好睡覺呢🐒,0,海洋幼猫,95448675
1820,2017,11,9,嘿嘿  我涨粉了呢  涨粉涨的最开心的一次  因为这个粉丝总会给我评论还会给我好听的歌 不是僵尸粉[大哭] 真是这个操蛋世界里的一点好看的星光啊@有希乐乐  🌌,1,ccc59,16661655
1821,2017,11,9,在孤独中孤独着  才懂安静的渴[爱心],1,菲迷约定,350424434
1822,2017,11,9,这呼呼的歌词编辑是有多实诚[大哭],0,訴韻,49641159
1823,2017,11,9,满脑子都是渴,0,平安喜乐久,132956575
1824,2017,11,9,卸下了颜色,1,米痛苦基罗,280741748
1825,2017,11,8,快去补课,0,ii青青,358436129
1826,2017,11,8,难道看我失魂落魄，你竟然心动。,1,困兽,278119732
1827,2017,11,7,想要和你在一起，很久很久,2,劉靜林7,332812193
1828,2017,11,7,觉得克卜勒里这首的调调最符合流行的定义了，然而不知道为什么没火。,6,富士ap,37041512
1829,2017,11,7,这首是克卜勒里我觉得最走心的,2,Sno哈哈opy,476529281
1830,2017,11,7,堪称克卜勒第一主打,0,Sno哈哈opy,476529281
1831,2017,11,6,其实，我老喜欢这首歌了。,3,九月又長安,256141078
1832,2017,11,5,扎心了😂,0,李李李李堃,251600535
1833,2017,11,5,上一次听这首歌的时候我有对象[心碎],2,W温暖的尸体,290687942
1834,2017,11,5,他们都爱大的而我却喜欢平的世界是平的,0,Neverranhua,544567764
1835,2017,11,4,手松了，伤愈合。之前怎么注意这句歌词。别执拗了，小姑娘[可爱],2,Kelly绾,559682631
1836,2017,11,4,舍不舍 都该卸下了,0,wuliJiaheng,391092276
1837,2017,11,3,你现在一遍一遍的告诉自己你曾经可以做的不好可以不去努力不如别人可是你要想好下一步怎么走怎么做活在当下,0,光漢你今天也好看,371614258
1838,2017,11,2,热评第三是你要找的吗？,0,寒毅稚骥,49487365
1839,2017,11,1,找不到那个说像丝路的评论了,0,Eden2l,41279012
1840,2017,11,1,每次负能量爆棚的时候 听这首能好很多,1,北Copy,134545858
1841,2017,10,31,不知道大家发现没有，木吉他的音有点不准[大哭][大哭],2,Drifting漂,75951758
1842,2017,10,31,复旦大学的图书馆再续听,2,清冷Ann,277484772
1843,2017,10,31,那个春天  那个人  那个相遇的地点    那些再也回不去的情节,1,旧时光里的格子少年-,388866775
1844,2017,10,30,嗯,1,水木鸢心,289396827
1845,2017,10,30,简单干净，爱及永远[爱心],0,爱及永远,619124071
1846,2017,10,30,时间会筛选出来的好歌,2,Y-una,322710590
1847,2017,10,30,敲喜欢~,0,小豆瓣儿_,37086195
1848,2017,10,28,放不下啊,1,一个会音乐的麻瓜,373639624
1849,2017,10,28,我直接扔掉手机 再不拿起[撇嘴],0,野兽派与表现主义,130046478
1850,2017,10,27,为什么不是在热闹中才懂安静的渴？,3,Aoi_Freya96,65408113
1851,2017,10,26,2017年10月26日 做1991年数三真题的间隙听这首歌 嗯这是一条生活记录 饱含我满溢的梦想[爱心],3,Wubabe_,80401583
1852,2017,10,24,谢谢你.你说的对,0,莫留新,436940428
1853,2017,10,24,男周女孙是多少人的回忆啊,5,Fantasy丶o0,430855296
1854,2017,10,22,觉得燕姿最神的一首，甚至很多方面我觉得超过了开始懂了，遇见那些大hit,7,观音是个男孩,117719899
1855,2017,10,22,男星 陈奕迅 女星 孙燕姿,2,苏更苏,543770245
1856,2017,10,22,戴上耳机，单曲循环，越听越有味道~[兔子],2,冷羊羊_,63281378
1857,2017,10,21,@WDMantis ,1,zincery,55987310
1858,2017,10,21,越听越想哭，不知道怎么写下这种情绪,4,零点温度0428,274665273
1859,2017,10,20,2017.10.20 跳舞的梵谷发布  到现在为止评论已破九万 [亲亲],4,GJ小朋友的小迷妹,417724644
1860,2017,10,20,高三超爱这首歌 那时候是夏天 快要高考了青岛的天很蓝很高 树叶被风吹的沙沙响 再也回不去了,1,Crisyo,121469392
1861,2017,10,20,[大笑],0,水气球的告白,316846481
1862,2017,10,20,怎么办每一首都好喜欢,0,管啊a,350273652
1863,2017,10,20,[爱心],0,西江月meow,366623277
1864,2017,10,20,爱何曾干涸,1,艾里奥,387642952
1865,2017,10,18,一直没好好听孙燕姿，是个失误了,2,Rose蔡,131340869
1866,2017,10,18,我觉得 该怎么样就怎么样吧,1,狠毒女孩李大海,387557062
1867,2017,10,18,[亲亲],0,孙燕姿的锁骨,17714009
1868,2017,10,18,听了几年，好像才听懂( •̀∀•́ ),0,E-V-Z,86643853
1869,2017,10,18,谁还不是个宝宝？,0,Azhhl,117667169
1870,2017,10,16,在俄罗斯新西伯利亚号称世界第一速度（其实你们懂得）的地铁间穿过，耳机里第一次听到这首歌，人群间我亚洲的那么明显。陌生的人就这样一晃而过，四下望望寻找转战的那班地铁。冬日里默默的抓着包，向前走着。我在路口眺望着。,8,Kklara,92537208
1871,2017,10,16,要是孙燕姿再写歌能有多好,1,美梦的晚餐,475033089
1872,2017,10,15,在写作业！听这首歌！,2,张亦然_,137052199
1873,2017,10,15,沾点光,1,Keep_Bounce,448681734
1874,2017,10,15,怎么那么耳熟 ,1,平衡平衡超平衡,121987519
1875,2017,10,15,坐着听到哭出来,3,白矮星阿夏,17630418
1876,2017,10,15,[可爱],0,诗遇上歌__,34575941
1877,2017,10,14,叔叔还听程壁！,1,STR北林,412598437
1878,2017,10,14,"不要失望
不要封闭自己
你要勇敢去接受一切好与不好
最后，祝你早日解脱@Doris小姐的影子",6,Doris-ff,268712927
1879,2017,10,14,孙燕姿 林宥嘉 林俊杰的声音超有辨识度,1,是我拥抱了鲸鱼,356609797
1880,2017,10,14,渴,0,夜猫子与歌,365273278
1881,2017,10,14,爱姿,0,姿意燕为,263726012
1882,2017,10,14,享受孤独,0,_林语冰,20154782
1883,2017,10,13,学会释怀了，还怕什么有放不下的。,0,熵法师Big_Anx,65046928
1884,2017,10,12,这就是我们,0,最近pick人是一根会思考的芦苇,82634785
1885,2017,10,11,唉，这首歌初听没什么感觉，但是……居然是有后劲的，越听越觉得好听[流泪],1,明-暝,292644560
1886,2017,10,11,希望12月的雅思能考到满意的分数 能被理想大学的研究生录取 该来的会来的。加油啊💪🏻,5,活力拉噜噜,246424263
1887,2017,10,10,沾沾灵气，希望我考上科大[爱心][爱心][爱心],2,大河里的胖头,123720776
1888,2017,10,10,关了屏幕在写中财作业～听到这首歌立马打开了手机,0,王翩翩丶,79289449
1889,2017,10,9,[爱心],0,徐丨若木,246749232
1890,2017,10,8,"“
   过了某一个坎儿，你就会发现，再想遇到一个喜欢得不行了的人实在很难了
                                                                                                                             ” ​​​",2,叫我小霞霞阿_,481818702
1891,2017,10,7,手松了，伤愈合,1,1585797904,396251926
1892,2017,10,7,只是我一直在逃避痛，短痛。对不起。祝你在北大找到一个适合你的女孩，她会很幸运，你会很幸福的。没事，我在浙大现在太忙不想谈恋爱，一个人不要紧，以后再找（看不上zju的男孩子hhh）毕业了再找也行。这也不是这么说的啦，不是找，是等待那个他。最后，谢谢你。（6）,4,Ksksy,583378288
1893,2017,10,7,是我主动。是我的错。现在又是我提分开的我话我就真的太恶毒了不是吗，请你伤害我吧。异地恋不是问题。你对我也很好。只是不合适，相处就像走在刀片上，小心翼翼，很累，时不时还会相互伤害。既然可以料到会两败俱伤，那不如在还没伤得那么透的时候了结吧。长痛不如短痛。我知道这个道理，（5）,3,Ksksy,583378288
1894,2017,10,7,我不知道继续这样下去会怎样，应该会很痛苦吧。相互猜疑。我们有些地方太像了，尤其是缺点。我们没法相互激励越变越好的。当我冷静的时候我就会意识到这些。或者自私点说，就是我该及时止损了不是吗。我曾无数次告诉自己我们不该在一起不能在一起不会在一起。现在的状况，我想说抱歉，（4）,3,Ksksy,583378288
1895,2017,10,7,如果你能看到，就来跟我说，我们分开吧。你说你听到这首歌就一下子所有对异性的欲望都没有了，希望你也听一遍这首歌，然后就把我忘了吧。我们真的不合适，三观、笑点、兴趣爱好都迥然不同，性格太像也是真的合不来。没有未来的。我爱你但我不喜欢你，从来没有喜欢过，我才意识到的。我离不开你，（1）,3,Ksksy,583378288
1896,2017,10,6,可我听第一遍就被惊艳了[惊恐],3,饭soul了,85385782
1897,2017,10,6,[可爱]至今还保留着正版CD哦,1,水瓶子__,373989271
1898,2017,10,5,每次听这首歌总能治愈我[星星],1,刺我一个吻吧,471912839
1899,2017,10,5,终于准备放弃你了，就送到这里吧，下面的路我自己走了。,6,加州旅馆的守夜人,352650803
1900,2017,10,5,就我一个人听到  有男人的咳嗽么,1,喻oo,415864460
1901,2017,10,4,安静的 渴,1,LGBT花酱,277610663
1902,2017,10,4,[大笑]時間,1,蒽哼biubiu,302467737
1903,2017,10,3,所以什么是爱,1,neverwhenevereven,366809977
1904,2017,10,2,不能开口说得话,1,图书馆穿黄牛仔衣卡其裤的四眼仔,428284086
1905,2017,10,2,[爱心],1,神M7M,346861673
1906,2017,10,2,在追逐中追逐着❤️在孤独中孤独着❤️,2,404号冲浪选手,87982052
1907,2017,10,2,3067评论合影！,0,金色啊,426545310
1908,2017,10,1,我觉得这首歌说的是经历过那么多终于遇见你了，歌词写得真唯美。,0,孙燕姿同学,127671994
1909,2017,10,1,越来越耐听,1,FFTaoTao,275090880
1910,2017,9,30,听出味道,2,c-凯先森,381666035
1911,2017,9,29,我什么时候可以璀璨了,1,燕姿我好想你,403139403
1912,2017,9,28,极点极夜之后便是光明   你我依然,4,LG夕林,296428002
1913,2017,9,28,真棒,1,炫酷二狗子,444389961
1914,2017,9,28,没有脚踏实地建立起来的东西，就无法形成精神和物质上的支持,3,图书馆杂工,310892764
1915,2017,9,27,好歌必顶,0,一个人-旅行,70450102
1916,2017,9,27,每次都在黄昏后升起，在黎明前熄灭，重复着无人见证的遇难过程。,0,dis-play,132802796
1917,2017,9,27,爱你,0,OvaltineOvaltine,133927819
1918,2017,9,27,不是主课,0,周风信,288992050
1919,2017,9,27,理工科就不用学马原毛概近代史思修吗？,0,serendipity云,296889384
1920,2017,9,27,听听以前的歌，挺好的,0,怅然若失的,56839426
1921,2017,9,26,加油！,0,地图南,81701851
1922,2017,9,26,我听着时间的沙像首歌，我在自习室，写着线性代数的题，我想选择这个理工专业或许真的不是错误的选择，因为我如果去念文科或者管理学的专业可能已经学不好了，我已经成为了一个讨厌上马克思讨厌那些形式主义论调的人了。,1,周风信,288992050
1923,2017,9,26,这张专辑里的一个惊喜。晚上突然听到，带着些历经沧桑后的变的开阔和不变的热诚。,1,冥冥之衷,119554353
1924,2017,9,26,有喜欢燕姿和民谣的女生吗[呆],6,水气球的告白,316846481
1925,2017,9,26,在追逐中追逐着   才懂漫步的渴     当握紧的手松了    伤愈合。   在孤独中孤独着      才懂得珍惜、[心碎],1,没有余生-,315121681
1926,2017,9,26,会遇见你的,2,Islandofcyril,48634536
1927,2017,9,26,穿越生命的沼泽,1,Islandofcyril,48634536
1928,2017,9,25,喝水在听,2,一个多月考研,312376486
1929,2017,9,24,三年级开始接触流行音乐🎶 百听不厌[爱心]感谢,0,Monyca-,255858820
1930,2017,9,24,真的爱死这首歌了，太有感觉了，戴上耳机，整个世界都是你的,3,阳阳酱呀_,299381253
1931,2017,9,24,日推第一首,0,侥幸放纵,349913310
1932,2017,9,23,璀璨应该会在黎明前到来。,2,Dicin,263904306
1933,2017,9,23,非常耐听的歌。很喜欢。,1,用户151____9470,99056495
1934,2017,9,22,不错,0,highwayman,302127018
1935,2017,9,21,现在听歌看评论已成为一种习惯,0,_洛陌,260969600
1936,2017,9,21,加油,0,MeiIody_,105893878
1937,2017,9,20,在面对一堆刷不完的理综试卷，心里的崩溃与癫狂，总是在听完这首歌后镇定下来,2,要做一个不平凡的人,554320202
1938,2017,9,19,我说我这一周一直在循环这首歌，你认真的拿过我的手机看起了歌词。,0,霧島栗,379003801
1939,2017,9,19,～,1,Stef_fff,112188768
1940,2017,9,19,真的很惊艳！！特别是中间段的歌词！！细细感受中~,0,北北北北北北v,343363423
1941,2017,9,19,开头很惊艳~~中间的词不够击中我心~~不过个人感受而已,0,猪仔时,246080415
1942,2017,9,18,渴比饿难受……,1,山寨红花油,378236570
1943,2017,9,17,可是你不在我身旁。,0,_-太阳_,409009168
1944,2017,9,16,刚刚经历了失败的告白……我不欠缺告白的勇气与冲动，我以为我能接受任何结局，可我还是太高估自己。我不想劝你什么，因为有些火海必要自己去扑过去才知道有没有能力穿越。我只想说，你一定要做好准备，先安排好一颗强大的内心再告白！还有，如果不告白，你会不会遗憾和后悔？,2,Kelly绾,559682631
1945,2017,9,16,不听歌还好，越听越伤感。日推的类型，以后该换一下口味了。,1,Kelly绾,559682631
1946,2017,9,15,一开始是欢呼鼓掌声 还是下雨声,0,修二家的猫,423267190
1947,2017,9,14,这首歌唱的就是我姿的生活哲学。,1,八宝蔡菜菜,376055697
1948,2017,9,13,我爱你 祝你平安喜乐[爱心],3,是你的万物_,307576004
1949,2017,9,13,何时才会璀璨呢,1,霧島栗,379003801
1950,2017,9,13,这首歌，超级耐听，最喜欢的燕姿的一首歌了,1,竟然有人抢了我的昵称,74685696
1951,2017,9,13,@菲酱er ,0,楊宸儿,111447289
1952,2017,9,13,迫切需要换64G的手机,1,-橘子粥,258689761
1953,2017,9,13,对的,0,保罗韦斯利,124304842
1954,2017,9,12,而且那个咳嗽声和我自己发出来的特别像,0,the_coral_sea,74790355
1955,2017,9,12,thirst ,1,帐号已注销,554639194
1956,2017,9,12,渴,0,真的好想学习啊,120380798
1957,2017,9,11,飘着太棒,0,宅囧胖,132983041
1958,2017,9,9,只有听歌的时候我浮着的心才能沉下来，也许这就是音乐的魅力吧,0,粥粥170717,543788928
1959,2017,9,9,伤愈合,1,silvertroutx,273771417
1960,2017,9,8,我没有勇气去告白谢谢你们愿意听我的故事,2,一个俗人的早晨,448324948
1961,2017,9,8,你们知道一见钟情的感觉吗我喜欢他四年了第一次见到他是开学的时候他戴着眼镜那时候我喜欢他是始于颜值他成绩也很好上的重点高中我在普通的高中又陷于才华我不知道我忠于什么我只知道我现在还是喜欢他有无数次想过要告白可是女生是不能轻易告白的我知道网易云有一种集赞就告白的我怕到了九十九个的时候,114,一个俗人的早晨,448324948
1962,2017,9,8,好难唱啊好好听,1,我要认识你也叫鬼话连篇,120983555
1963,2017,9,6,[撇嘴][撇嘴]我不服[流泪][流泪][流泪],0,非慎独者,505496179
1964,2017,9,6,第3000条评论[爱心],4,一个口味非常杂的小可爱,355677145
1965,2017,9,6,同,2,不傻_不白,514487583
1966,2017,9,6,我在路口 眺望着,2,笛声听罢,377470942
1967,2017,9,5,我居然在前奏里听到了一声“咳”。。。,3,-收声-,82244968
1968,2017,9,4,旋律优美,0,神经七八M,321636583
1969,2017,9,4,在孤独中孤独着，才懂安静的渴[爱心],2,Swedish丶House丶Mafia,306994277
1970,2017,9,2,燕姿好久不见了,0,雪花气息,408899309
1971,2017,9,2,握爪[呲牙],0,小狮子小丸子冰淇淋,452664521
1972,2017,9,1,五迷啊,2,LkyWzld,301935481
1973,2017,9,1,连续两天推荐给我,2,西行的枯树杈子,255525013
1974,2017,8,31,失去了东西就回不来了。特别是人心,1,时逸-,382071692
1975,2017,8,30,何其幸运有燕姿一起陪伴呀,1,鹤沚,271835200
1976,2017,8,30,。(在追逐中追逐着，才懂漫步的渴，当握紧的手松了，伤愈合，在孤独中孤独着，才懂安静的渴，当我卸下了颜色，璀璨了，还计算什么，爱何曾干涸。),2,消____愁,374369197
1977,2017,8,29,上一次看到热评第一的时候还在高三苦苦挣扎，如今坐在去以前都不敢期望的大学的车上，摧璨了!😂,9,哎哎哎哎ya,287527471
1978,2017,8,28,今天日推有毒啊！一会给我推荐甜蜜的要死的歌一会和我推荐分手伤心的歌！欺负我没对象！,3,帮鸨适,260903045
1979,2017,8,27,渴,1,最可爱的鸡仔仔,390929276
1980,2017,8,27,陪了我这么多年的声音，爱你哦，永远年轻,0,欧特_-,81031878
1981,2017,8,27,好听,0,欧特_-,81031878
1982,2017,8,27,第一次听。[憨笑],1,Je955_,295430848
1983,2017,8,27,默默的回去重听一遍丝路,0,我偏要一鸣惊人,20173004
1984,2017,8,27,一说到丝路就想到是阿信写的词,0,小狮子小丸子冰淇淋,452664521
1985,2017,8,26,我也是高二第一次听😳,1,木目目嗝,335370301
1986,2017,8,26,2017.08.26日推十一,1,爱你麼,538135733
1987,2017,8,25,6秒那里有个咳嗽的声音惹,3,Stef_fff,112188768
1988,2017,8,25,顺其自然，自有曙光,0,yinbn,255085529
1989,2017,8,25,顺其自然，自由曙光,0,yinbn,255085529
1990,2017,8,24,那我在同济大学浙江学院图书馆,3,小时候他们叫我佳木头,131083680
1991,2017,8,24,越听越有味道[亲亲][亲亲][亲亲],0,迦叶-,289150599
1992,2017,8,24,太好听了,1,帐号已注销,121058425
1993,2017,8,24,每日推[爱心],0,soulsosos,2938775
1994,2017,8,24,好喜欢这首歌的前奏，好像是在进入另一个世界的感觉,3,很长很长很长很长很长的名字x,452883127
1995,2017,8,23,据说每个喜欢周杰伦的人都会喜欢孙燕姿，嗯，果然，最近沉迷于孙燕姿了。,4,mmpmystic,413627943
1996,2017,8,23,好听好听,0,帐号已注销,477254828
1997,2017,8,23,记得当时高二第一次听到这首歌感觉什么鬼！然后停不下来的循环一遍又一遍！因为越听越觉得太tm好听了,3,Biu-pa,77775283
1998,2017,8,22,遇见你开始，我就真的觉得爱何曾干涸,6,观音是个男孩,117719899
1999,2017,8,21,我也觉得…,0,我只是有点恶趣味,72568358
2000,2017,8,20,每日推我遇不上你[爱心],0,姓吉不姓李,357203949
2001,2017,8,20,好听炸了,1,从前冷,7553250
2002,2017,8,20,时间不说话,2,图书馆穿黄牛仔衣卡其裤的四眼仔,428284086
2003,2017,8,20,今年17     我很遗憾，错过了孙燕姿的时代    我很幸运，抓住了她的歌,7,我叫人工卓我好用,543658060
2004,2017,8,19,热评第一超励志[拜],2,Steady_me_,109423682
2005,2017,8,19,还计算什么,0,采采薇,301880382
2006,2017,8,19,好听,1,观音是个男孩,117719899
2007,2017,8,18,舍不舍,1,扑街的少女,316869272
2008,2017,8,17,但愿下一次我能坐在爱丁堡的图书馆里再听到这首歌，努力吧[憨笑]👏,1,i萌萌哒的贱贱i,252916665
2009,2017,8,17,老铁，你比我牛批，我听歌也只能做个题，你背单词都可以,1,大老醋,76407092
2010,2017,8,17,喜欢这首歌，英文中thirst不止指生理上，也指心理上的渴望。在填补心理上的渴时，注定要寂寞，所以即使一个人也要坚持下来呀。“在追逐中追逐着”，提升自己别松手。,4,小只Rae,283554736
2011,2017,8,17,在孤独中，孤独着,0,Lojoyous,124672580
2012,2017,8,17,生日日推给我推荐我最爱燕姿的歌，然而我每天都是听电音，网易云你还是懂我的[强],2,Megusta_L,279786385
2013,2017,8,17,谁此时孤独就永远孤独,1,如何救药,467017112
2014,2017,8,17,有多寂寞呢？  这一句听得整个人都酥了。,2,逆_光丶,313005302
2015,2017,8,17,人生的路，有些真的是要自己一步一步走过来才知道的艰辛和温暖,1,唐小姐的阿莱克丝,251012708
2016,2017,8,16,穿越生命的沼泽，,0,wastepoem,62697517
2017,2017,8,16,她很喜欢孙燕姿,5,要不要突然去掀女孩子的裙子呢,60542780
2018,2017,8,16,我好想你周盛祖 你就不能抱抱我吗  我该怎么办才好  现在你会不会也时常像我想念你一样想念我呢  你都没有给我爱的机会就否定了  我还有好多话想与你说  可是再也没机会   你会看到这个评论吗 为你 周盛祖我爱你       byCC,1,是你公主殿下,322716418
2019,2017,8,15,还好下载了，无损,0,不会用筷子的螃蟹,295873372
2020,2017,8,15,高三加油,2,不是小杨羊,266491624
2021,2017,8,14,我也是这个感觉,1,跳舞的克卜勒,122786310
2022,2017,8,14,最喜欢孙燕姿的说,2,煎饼果子加鸡蛋里脊不要香菜,109494724
2023,2017,8,14,很多都只是自己过不去，不能再害怕了，做自己想做的，很多事也该懂了，最重要的是，不要走丢了,3,sore_lh,405912012
2024,2017,8,14,时间的沙像首歌，我喝着歌，听着水。,3,簿丁簿丁,288034796
2025,2017,8,14,@我走在没有路灯的那一边 ,0,g-r-i-n,390487943
2026,2017,8,14,95后的我，发现，自己已经开始喜欢回忆杀的歌，低龄化感伤，人生是总这么艰难还是只是一段时间艰难？,3,陈舟尘,488465374
2027,2017,8,14,总有些歌，一不小心就能让人泪流满面。。。,2,管家奴,21982339
2028,2017,8,14,手松了，伤愈合。卸下了，就璀璨了。,2,s_elover,14266912
2029,2017,8,13,啊，我最喜欢飘着这首了[强],0,7777不爱喝酒,508884492
2030,2017,8,13,像他永远不会来那样生活，像他明天就会来那样期待。,1,上木下子是个李,254513816
2031,2017,8,13,總有種逝去的夏天的味道,0,岳梓清,565463463
2032,2017,8,13,总会有好事发生🍞晚安,0,杯子里养只鲸鱼,334083193
2033,2017,8,12,以前我对什么都平淡淡 什么对于我来说都是大同小异 失恋之后我不想再为附和别人 我开始了解自己 在孤独中孤独 才懂安静的渴,1,大苫,500052785
2034,2017,8,12,被55秒“呼”~圈粉~不知为什么听这首歌有点梁静茹《丝路》那种意境~,2,sunshinemice,354394026
2035,2017,8,12,优秀的人一般都会幸福[大笑],1,fcszzZ,308623392
2036,2017,8,11,"我辈楷模
",1,ii青青,358436129
2037,2017,8,11,不平凡的触动，不甘心的渴望。,0,我叫小草730,512379691
2038,2017,8,11,表白我姿,1,forbe,125980582
2039,2017,8,10,能在我的日推里出现中文歌的只有孙燕姿🤓,5,正一味,3089935
2040,2017,8,10,卸下了就璀璨了,0,LeDreW,112741314
2041,2017,8,9,梦想不应仅于此，坚持。不再有玻璃心，一切向钱看！,0,梅妮子,67878417
2042,2017,8,9,做梦梦到这首歌,0,有痣,79462113
2043,2017,8,8,上一次听这首歌还在纽约图书馆做汉语考试题背AABC型成语词汇，如今坐在了同济大学的图书馆里，璀璨了！,4,Mary说,422611826
2044,2017,8,8,立秋之后，用流量继续恶补燕姿冷门歌曲,1,Viaje荘,127174503
2045,2017,8,8,会遇见你的~我的那个她,0,冈部郎,123708297
2046,2017,8,8,舍不舍～,0,Whisper-oo,406445733
2047,2017,8,7,emmm一首越听越忍不住想听的歌,0,夏桑菊today,319762793
2048,2017,8,5,太棒了,0,LOX-TEE,125210802
2049,2017,8,5,在，，，凤凰卫视听到的,0,秦怀里,308694144
2050,2017,8,5,是我听过最舒服的声线啦,0,小熊今儿做了小熊软糖,129672953
2051,2017,8,3,孙燕姿的歌 画面感很强 总会把人带进去[色][亲亲][亲亲],0,Chuppy,303304961
2052,2017,8,3,睡醒听一下,0,Stellumo,109573201
2053,2017,8,2,完满了[强],2,WANG_____________,397650468
2054,2017,8,2,突然想起，大学时有个姑娘送了我张燕姿的cd，十年了都没有拆开过…,1,Lee三生,449285468
2055,2017,8,2,你喜欢的人不喜欢你，喜欢你的人你不喜欢他，就只有这两种原因咯[憨笑],0,青墨鱼,116910053
2056,2017,8,2,还计算些什么呢 ?连个男朋友都没有！why,0,孤晏南飞,264251364
2057,2017,8,2,哇优秀了！祝福！,0,light_jjp,72005404
2058,2017,8,2,许愿妖刀,0,搁浅_iii,506752838
2059,2017,7,31,喝醉了才表白就不真诚了,1,亲爱的芘特思薇,316401933
2060,2017,7,31,还计算些什么呢 放下了,0,孤晏南飞,264251364
2061,2017,7,31,渴啊,0,孤晏南飞,264251364
2062,2017,7,30,很美的城市,0,一小把盐,122053855
2063,2017,7,30,17.7.30 18：09 现在很渴，起风了 好像是台风来了... 在等公车..[呆],1,Terist,82279394
2064,2017,7,30,苏州站和苏州博物馆好漂亮啊,0,你听得到24,295729559
2065,2017,7,30,四天了，依然没有骗到,1,你听得到24,295729559
2066,2017,7,29,比如带我女朋友去,0,思梦-Simon,114364122
2067,2017,7,29,那就多喝水[幽灵],0,霉霉的小男友,332519896
2068,2017,7,28,太累的时候，觉得摇滚太吵，民谣太作，爵士太念旧，电子太神经。这时候，听燕姿讲讲人话，真好。这种感觉，就好像在追逐中追逐着，才懂漫步的渴。,40,跳舞的克卜勒,122786310
2069,2017,7,28,"上次我就赞了你，感觉自己棒棒哒
",0,scuuum,397567174
2070,2017,7,28,如果以后我能买到燕姿的演唱会门票我，我希望能和我爱的人一起去看,2,思梦-Simon,114364122
2071,2017,7,27,在追逐中追逐着 才懂漫步的渴,1,宇宙崩潰,329780626
2072,2017,7,27,即使在海外 也能收到国人的赞！[幽灵],0,妳呀妳_,425208771
2073,2017,7,27,突然就说，再听听吧，也许，并不会那么难过了。,1,尘埃未染,399126448
2074,2017,7,27,烟抽了半包，坐了三四个小时，始终想不出什么评论可以骗到赞。,7,旧檐啊猫,113332304
2075,2017,7,27,😞,0,幸运女神在微笑iiv,311903824
2076,2017,7,27,😒,0,幸运女神在微笑iiv,311903824
2077,2017,7,27,三年前满怀期望地悄悄告诉你我超喜欢这首歌 也不知道你听了没有 :-(还计算什么 爱何曾干涸,0,Jennypuzzle,83835491
2078,2017,7,26,早就考过了,0,欧心雅,327325678
2079,2017,7,26,一定会的,0,一小把盐,122053855
2080,2017,7,26,爱姿,2,姿意燕为,263726012
2081,2017,7,26,今天拿证了，你也在考吗,0,幸运女神在微笑iiv,311903824
2082,2017,7,26,总觉得少了什么,0,半座城池丶,500055772
2083,2017,7,26,恭喜呀,1,欧心雅,327325678
2084,2017,7,25,过了呢。今天科四也过了。[发怒],1,幸运女神在微笑iiv,311903824
2085,2017,7,24,我想喝个烂醉，然后打电话给你表白，可是我根本不会喝酒[哀伤],5,1836545505,136380336
2086,2017,7,24,521个赞，突然不舍得点了，怕坏了这份美好,0,天微凉-记得加衣,72444460
2087,2017,7,24,真的有点丝路的感觉[大笑],0,囧囧眉小姐,382178071
2088,2017,7,24,前奏的咳嗽声和我一模一样,0,the_coral_sea,74790355
2089,2017,7,23,生日快乐！我能给你的生日礼物就是把你的歌全部都听一遍,2,君瑞TMR,410344556
2090,2017,7,23,在孤独中孤独着 才懂孤独的渴。不羡慕别人有多热闹，一个人安静下来才热闹。,2,加片薄冰-,91690625
2091,2017,7,23,卸下了，就璀璨了,2,小叶小叶绝不熬夜,98744727
2092,2017,7,23,刚毕业的一年里，你既无出世的能耐，也无入世的精明。你周转于人情世故间，笨拙又生疏。你应付着一地的鸡毛蒜皮，偶尔的不怀好意。你的挣扎抗争，总是杯水车薪。你开始认识到情谊的浅薄，功利的可爱。你依然天真，但是也虚伪。你依然不甘，但是也妥协。迎面而来重重的一巴掌，你咧嘴笑笑，不言一语。,6,何婉婉w,389606149
2093,2017,7,23,每年就这天最特别 祝你开心 十年 7/23生日快乐老大❤️,1,CECINING,48442071
2094,2017,7,23,加油！！！,0,自己最安全,409434645
2095,2017,7,23,7.23生日快乐，同时祝我自己生日快乐,1,你说你想要李志,246054486
2096,2017,7,23,7.23生日快乐！,2,将渡未渡,92940839
2097,2017,7,23,学姐好！如今你在哪里呢,0,light_jjp,72005404
2098,2017,7,23,复习考研，热到心里烦躁，先平复一下心情。不着急慢慢来,3,山目,364394409
2099,2017,7,22,明媚 清澄 闪亮,1,uni_白鱼,333508149
2100,2017,7,21,过了没,1,欧心雅,327325678
2101,2017,7,20,最喜欢的孙燕姿的一首歌，但感觉知道的人很少，在日推听到前奏就开心起来了啊啊啊，日推懂我,8,衣刀酱,130697847
2102,2017,7,20,突破500大关,0,被室友打倒好睡觉,374997738
2103,2017,7,19,马上科目三考试，压压惊。[痛苦],3,幸运女神在微笑iiv,311903824
2104,2017,7,18,😂,0,负人君子Boy,33457290
2105,2017,7,18,合格的男朋友,2,染尘泥,126676811
2106,2017,7,18,看你头像就犹豫了,0,垚蓝千层,324015242
2107,2017,7,18,等我卸下了颜色,0,only单,353517735
2108,2017,7,18,我也是[流泪]以前就听过她的一首天黑黑 现在来听感觉每首都好听,0,变态狐狸变态狼,52928390
2109,2017,7,17,你带走了我所以的青春，却留给我孤独的思念。,4,裬莞晗,480576327
2110,2017,7,16,拼命对一个人好，生怕做错一点对方就不喜欢你，这不是爱，而是取悦。分手后觉得更爱对方，没他就活不下去，这不是爱情是不甘心。你拼命工作努力做人，生怕别人会看不起你，这不是要强，而是恐惧。许多人被情绪控制，只敢抓住而不敢放弃。但什么都不敢放弃，你活得多累。 ​​​​卸下了，就璀璨了。,583,蘇西是小肥羊呀,292634972
2111,2017,7,16,太励志了 加油 共勉,0,皓天Esquire,59688248
2112,2017,7,16,[可爱],1,帐号已注销,105076780
2113,2017,7,16,这可不是终点，还有美好快乐的人生需要你继续努力啊！,2,龚振民,9740710
2114,2017,7,15,穿过时间的沼泽,1,帐号已注销,426168650
2115,2017,7,15,也要一直走下去呀,2,顽友与啤酒,113431328
2116,2017,7,14,[女孩][男孩],1,住了一个月亮,318865066
2117,2017,7,14,睡啦[哀伤],0,优美的低于生活可爱,27170133
2118,2017,7,13,考研加油!,3,idylln,399501700
2119,2017,7,13,一开始为什么有吉他调音==,0,tonytontian,38306900
2120,2017,7,11,其他的歌手一般我都是听听传唱度高点的热门歌  冷门歌要是自己不喜欢的听不了几句就换了   只有孙燕姿的歌全部都能完整的听完 而且是越听越上瘾,2,钉子nail,339504136
2121,2017,7,11,我喜欢上了孙燕姿了！太好听了！,2,爱理发的小和尚,120822896
2122,2017,7,10,和初恋前任分手的时候 每天都听 现在听起来唏嘘不已,2,傻白爱咬人,346848577
2123,2017,7,10,结果都一样,0,十七而从心所欲,427452897
2124,2017,7,10,孙燕姿的每首歌都999＋,3,十七而从心所欲,427452897
2125,2017,7,10,我还要多努力才能走到终点,0,人间宝藏小鱼干,270529307
2126,2017,7,9,真的就是最喜欢的一首歌  20秒那里每次心里都会软成一滩水,0,七尾_Aslan,82782644
2127,2017,7,8,KTV必点,1,Y1F6,117445164
2128,2017,7,8,正在同济实验室看文献,4,没有一个喜欢的名字,381049046
2129,2017,7,7,期待10月新专[色],2,Stef_fff,112188768
2130,2017,7,7,加油！,2,吃好喝好玩好睡好长生不老,499884249
2131,2017,7,7,每次一看见歌词我第一个想到的人是你啊,2,酷酷鸡大魔王,479597749
2132,2017,7,6,在追逐中追逐着,1,1049Wawa,533748859
2133,2017,7,6,爱姿,0,姿意燕为,263726012
2134,2017,7,6,据说新专辑又来了，先听听之前的[爱心][爱心][爱心][爱心][爱心],0,chenanquan,253117417
2135,2017,7,5,爱姿,0,姿意燕为,263726012
2136,2017,7,5,终于还是走了,0,嬉皮笑悦,265563008
2137,2017,7,4,真的好喜欢孙燕姿,0,mystrings,113814492
2138,2017,7,4,那时候你在西安说你很喜欢这首歌，我也在南方听着。,1,蹦蹦蹦蹦蹦蹦耶,314433664
2139,2017,7,4,会的,0,Sylph-Z,260508233
2140,2017,7,4,好累,0,Sylph-Z,260508233
2141,2017,7,4,穿越生命的沼泽 我会遇见你的,3,Ed0n,433427423
2142,2017,7,4,2805条！燕姿[爱心],0,一颗芝麻粒儿,125436764
2143,2017,7,4,2804条,0,陈满满ww,496022154
2144,2017,7,3,2803条,0,1243708016,455184457
2145,2017,7,3,2802条！,0,郭baba-,275397494
2146,2017,7,3,2801条！,0,谢飞机后援会,338317877
2147,2017,7,2,嗯😊，祝你高分通过！,0,lovely蛋蛋001,73200857
2148,2017,7,1,如你所愿[可爱],0,_-nada-_,304847706
2149,2017,7,1,以前我不喜欢听孙燕姿的歌，但现在着迷了，觉得我的青春年少是不完整的,5,是三片叶子的草,421356831
2150,2017,6,30,我的女神,1,没有道理不爱你,394061033
2151,2017,6,30,我一直觉得自己很孤独，没有知己,5,没有道理不爱你,394061033
2152,2017,6,29,[亲亲][亲亲][亲亲]ke,2,飞森旭,949633
2153,2017,6,29,真好,0,甜食忍者,455175119
2154,2017,6,29,爱姿,0,姿意燕为,263726012
2155,2017,6,29,手松了，爱愈合。。。[哀伤][哀伤][哀伤]莫名的伤感,1,Amwelling,300244907
2156,2017,6,29,厉害了！,0,孙小子8,387935777
2157,2017,6,29,还计算什么，爱何曾干涸,1,二楠2333,314210535
2158,2017,6,28,我现在正在给他选球鞋，他叫我不必破费，这就是暗恋的悲哀吧,2,-Neymar-_,511035992
2159,2017,6,28,哈哈感觉会过的！不过补办准考证时还是小小刺激了一下，离开考不带十五分钟，老师在里头查准考证号和考场号，我在外头心砰砰跳眼巴巴地等着，不过最后还是赶上了(●—●),1,妫眉,350003577
2160,2017,6,28,爱姿,0,姿意燕为,263726012
2161,2017,6,28,这专最赞[亲亲],0,未申_,17901400
2162,2017,6,28,在图书馆边自习边听歌，祝大学党们考试顺利！,2,赵cn,356916335
2163,2017,6,27,提到丝路的说到我心里去了,4,贾子轩23333,266111236
2164,2017,6,27,考试顺利吗？,0,lovely蛋蛋001,73200857
2165,2017,6,27,这个x装的我给满分,0,遥遥十万里,119083112
2166,2017,6,27,我感觉，姿妈随便一首都甩那些几条街～,4,不要再说sorry,331313797
2167,2017,6,27,不见得,0,--seeyee,432705352
2168,2017,6,26,不知道你有没有试过  有时会喝很多水还渴 最近身体熬坏了哈哈,1,陈几点_,314757384
2169,2017,6,26,喝水,0,差不多先生Official,324982342
2170,2017,6,26,听了11年的燕姿，每次总有种放下一切负担的感觉，轻快中带着点忧愁,1,骑车八十迈,103976816
2171,2017,6,25,想她,2,老陈醋爱酱油,334654352
2172,2017,6,25,我也是,0,Dr旁观者,447302929
2173,2017,6,25,我真的 好渴,1,陈几点_,314757384
2174,2017,6,25,只是想表达那并不是啥瑕疵，我燕姿喜欢在一些歌曲里注入随性的感觉～,0,Union_Tzuyu,33792475
2175,2017,6,25,同日推,1,帐号已注销,105076780
2176,2017,6,25,so what？🙂,0,Nichtwiedu,126601041
2177,2017,6,25,on the road你怕是没有听过🙃,0,Union_Tzuyu,33792475
2178,2017,6,24,"忘不了她，她是姿迷，追她时我每天都听燕姿的歌！分手后听见燕姿的歌都会浮现她的样子！她总是跟我分享燕姿的演唱会，一起看燕姿的mv！我爱你李澄媛！",2,AhWei-阿伟,272100951
2179,2017,6,24,那声清嗓子是我听错了吗？！！,0,Nichtwiedu,126601041
2180,2017,6,24,很久以前听过的一首歌今天日推推出来 前奏一出差点哭出来。网易云我爱你[亲亲],2,愚季和青塔,315892074
2181,2017,6,23,所以最后你会爱上孙燕姿的,2,Leon有个盆栽,118965156
2182,2017,6,23,厉害了,1,HYKkkkkkk1,434366210
2183,2017,6,23,爱姿,0,姿意燕为,263726012
2184,2017,6,23,有多寂寞呢 在孤独中孤独着,2,爱在中,292754585
2185,2017,6,23,这歌有回忆   曾经听不出伤感现在满满的,2,穩傻仔,447800459
2186,2017,6,22,路过  喜欢,1,猜猜猜猜猜猜猜情寻,298456275
2187,2017,6,22,不好意思，你是个好人。方便加个好友吗…,0,Mc鱼生,48930762
2188,2017,6,22,不知道说什么  小可爱加油  [爱心],1,努力一点一点,363009497
2189,2017,6,22,第2752条评论，单纯觉得很好听，安利给我朋友也都说好听，璀璨了，,2,就一丑人,129698065
2190,2017,6,21,那是老大爷刚大学毕业时听的歌,1,我25岁,12961729
2191,2017,6,21,那是叔高中时候出的专辑,3,狂野休止符,113811266
2192,2017,6,21,小可爱，加油！从你喜欢的去看它与医学可能的连接,0,清汤挂面加生炒牛肉,425327287
2193,2017,6,21,看笑了～,0,-小树林,75182401
2194,2017,6,21,你以前喜欢听燕姿，我不以为然，对她的歌，也包括对你。如今十五年过去了，你笑着站在我面前，还是曾经那个简单善良的你，我忽然想听燕姿的歌了，想要体会你当年对我的感情和执着。可是，又能怎么样呢？连想拥抱一下你我都不再有资格有立场。天晓得我有多舍不得你。,4,Iris嘘,443488351
2195,2017,6,21,爱何曾干涸？,1,年少许我爱,71271617
2196,2017,6,21,两个月前，我跑去商店买回那双你最喜欢的球鞋送你，对你说，如果两个月后你的生日我们还是异地，我没有陪在你身边，那这双鞋就是我提前送你的生日礼物。过年我们在厦门旅游，你对我说五月份你会来西安陪我一个月，我把你来时要住的地方都收拾好了，你却不在了。,3,桃子宓,107148010
2197,2017,6,21,我好想陪在你身边，但你身边，现在陪着你的人，是谁呢。爱是想要靠近 却缩回手。,3,桃子宓,107148010
2198,2017,6,21,大熊，今天是你的生日，我好想你。,3,桃子宓,107148010
2199,2017,6,20,哈哈，我的态度什么时候由你说了算了，你自己什么心态，就以为别人什么心态。呵呵[可爱],1,猫小魅yx,279205296
2200,2017,6,20,你跟大家一样，只会嘴上说不会,0,Mc鱼生,48930762
2201,2017,6,20,"想见却还在等的人不太多
穿山跃海，踏浪飘帆
沧桑中独自向前行说要好好活
璀璨了
但解不了安静的渴",2,帐号已注销,322620614
2202,2017,6,19,当然不会了，都什么时代了[憨笑],0,猫小魅yx,279205296
2203,2017,6,19,你会歧视我吗,0,Mc鱼生,48930762
2204,2017,6,19,为什么不可以～,0,猫小魅yx,279205296
2205,2017,6,19,摧残,0,Mc鱼生,48930762
2206,2017,6,19,今年上高二？,0,Mc鱼生,48930762
2207,2017,6,19,老掉牙…,0,Mc鱼生,48930762
2208,2017,6,19,gay也可以吗[汗],0,Mc鱼生,48930762
2209,2017,6,19,希望你们都能找到幸福。,0,猫小魅yx,279205296
2210,2017,6,19,如果遇到像孙燕姿一样的女生，我一定奋不顾身的去追她[憨笑],1,I_can_win,299384863
2211,2017,6,19,爱姿,0,姿意燕为,263726012
2212,2017,6,19,爱姿,1,姿意燕为,263726012
2213,2017,6,18,128√e980,1,炼乳牛油果,289401616
2214,2017,6,18,听着听着就哭了，一切都会过去的，给我点勇气吧，让我不去想他，让我留点尊严不找他,1,未来是星辰大海,134343616
2215,2017,6,18,中考那年听的歌，现在听还是会有一种上不来气的感觉。,0,zkdlin7,137126663
2216,2017,6,18,这歌，是一个女孩推荐给我的，听着挺享受的！,0,最美丽的记忆,492450712
2217,2017,6,18,很多很多,0,yuan906203792,312376675
2218,2017,6,18,渴,0,周周不叫粥粥,288051515
2219,2017,6,17,有深度的歌曲,0,瓶中信2016,124268997
2220,2017,6,16,很喜欢这首歌，个人觉得很有意境。MV也超棒，看了好多遍，让我思考了很久很久......,0,someKPL,361663031
2221,2017,6,16,动的深，风何平抚这伤，可我又还在计算什么,2,吃橘子的橙猫,367551081
2222,2017,6,16,今天我生日 在学校听到燕姿的歌 [憨笑],2,-RADIO,489175504
2223,2017,6,16,卸下了 就璀璨了,0,耍宝的人,487030782
2224,2017,6,16,一样语文数学理综英语都跪了,0,帐号已注销,124513101
2225,2017,6,16,有。,0,老布丁丷,294390904
2226,2017,6,16,好喜欢开头啊[爱心],0,葫芦登登,298765009
2227,2017,6,15,忽然爱上了这首，循环着,2,水清一线,314602602
2228,2017,6,15,在孤独中孤独着，才懂安静的渴。,1,尽力170419,470214770
2229,2017,6,15,手松了，伤愈合，可是会有疤啊,1,赵本删,345429154
2230,2017,6,15,喜欢孙燕姿一直很喜欢,0,是生姜啊,507642752
2231,2017,6,15,一边身处繁华，一边寻求宁静。在孤独中孤独着，才懂安静的渴。,2,蹇容,313819253
2232,2017,6,15,当无尽的眼神后，我依旧是我，你还是你,0,帐号已注销,406311457
2233,2017,6,14,你看到的只是我想让你看的样子,1,睡不到王俊凯跟咸鱼有什么区别,419986055
2234,2017,6,14,有喜欢燕姿的男生吗,5,猫小魅yx,279205296
2235,2017,6,14,不想再去想,0,猫小魅yx,279205296
2236,2017,6,14,伤愈合，反正不看着你，拿你没办法。我拿自己也没办法，松开了手，放过自己。,0,無念無痴,338847584
2237,2017,6,14,最爱这首 也特别喜欢她其他的歌,0,GDGOODGOODTOP,471487614
2238,2017,6,13,好听,0,琳da_,50930835
2239,2017,6,12,其实想想，还是有很多遗憾的吧,3,山人与风,376717453
2240,2017,6,12,hhhh有时会容易和自己较劲死磕，但是像你说的吧，一切都会好起来的。很久了，最难的时候都一直一直默念这句话。[幽灵],0,如梦坐南山sehun,294541945
2241,2017,6,11,会遇见你的❤️,3,祝你早死,320185478
2242,2017,6,11,刚开始怀疑只有两千多的评论。后来想想，今天与未相见的老友泡汤了出去放荡的计划，真的是好气，高三了，原本的四人帮，一个去了贵州，一个即将走上艺体，一个在孤独的学校，留我一个人在这里感慨。今天下雨了重庆，你们也一定很懊悔吧！但是，我在路口，眺望着。高考了，出来追逐啊！着背时的孤独的渴,7,驯暮,299175116
2243,2017,6,11,凭什么这首歌只有两千多评论，因为曲高和寡~,0,茉莉花开清凉里,48634710
2244,2017,6,11,"不错的一首歌,听一遍就会深深的被其吸引住了,不愧是大腕，能唱出美妙的歌声，想当年的孙燕姿能甩出好几个歌手几条街了。",0,ZQ音乐听吧,268296192
2245,2017,6,11,莫名的熟悉,1,C-S-B-N-N,95617846
2246,2017,6,11,想哭，前几天高考，语文，渴……,1,你是一个小粪箕,326412823
2247,2017,6,11,不知道跟你说什么，但是我觉得总会好的[星星],1,小夸头,386724985
2248,2017,6,11,现在又可以听了,0,卖白菜的小菜白,246317730
2249,2017,6,10,在我艺考的时候是你陪伴我的，现在高考还是你,2,心意患楼层,252977866
2250,2017,6,10,回头就迷失了当刻,0,帐号已注销,307972159
2251,2017,6,10,我也要喜欢上孙燕姿了~,1,M米粒10,110302724
2252,2017,6,10,怎么样,0,古怪的man,370032741
2253,2017,6,9,听这首歌的时候，我在同济隔壁！好巧！[大哭],2,Justluvme-baby,135504032
2254,2017,6,9,我喜欢的人他也好喜欢孙燕姿哦 我也好喜欢他哦❤,0,ayouayo,350495802
2255,2017,6,9,[可爱],0,YZKEPLER,42348015
2256,2017,6,9,雨还是不停的落下！好巧，第一第二都同啊！[可爱],0,妫眉,350003577
2257,2017,6,9,第一是雨落，也是我所有歌中听的最多的,0,YZKEPLER,42348015
2258,2017,6,8,一样,0,俊目小灰,487245701
2259,2017,6,8,当时有个人说他最喜欢这首歌  最喜欢MV   我每天听啊听啊   现在我也很喜欢啊 ,0,骑驴找马追蜗牛,350304095
2260,2017,6,8,最爱燕姿,2,无孤者_,411605539
2261,2017,6,8,这首歌只适合一个人听,0,迷途的星星-M,309170772
2262,2017,6,8,好奇第一😳,0,妫眉,350003577
2263,2017,6,8,克卜勒专辑最喜欢的一首歌，单纯只是一听旋律就好喜欢,1,小林恩恩,59258247
2264,2017,6,7,初三到大一……一直最喜欢，没有之一[爱心],1,妫眉,350003577
2265,2017,6,7,我尽力而为  谢谢你,0,lesucre--,272534319
2266,2017,6,7,哈哈现在知道了,0,花花在人间凑数的日子,436311820
2267,2017,6,7,加油一定加油,0,古怪的man,370032741
2268,2017,6,7,小学开始听孙燕姿 如今大学要毕业了,1,白老师一起打球儿啊,119902986
2269,2017,6,6,高中生活终于要结束了高考加油。,1,lesucre--,272534319
2270,2017,6,6,单曲一下午了,1,向自由冲鸭,354858406
2271,2017,6,6,好的 你开心就好,1,Bob鱼,114829209
2272,2017,6,6,啊，你说什么?我没戴眼镜听不见🙄,0,云胡不-喜,267584647
2273,2017,6,6,你骗得了自己 骗不了时间☹️,0,Bob鱼,114829209
2274,2017,6,6,有那么一瞬间我傻傻的想，我可以当做没有看到你的评论吗😂,0,云胡不-喜,267584647
2275,2017,6,6,你意识到的原因是因为我的评论😛,0,Bob鱼,114829209
2276,2017,6,6,就是意识到了所以扎心呀🙄,0,云胡不-喜,267584647
2277,2017,6,6,你只是没有意识到而已🙄,0,Bob鱼,114829209
2278,2017,6,6,哈哈哈，活了那么多年才知道原来金城武还有桂林版的🤓,0,云胡不-喜,267584647
2279,2017,6,6,有点扎心了…,0,云胡不-喜,267584647
2280,2017,6,6,同感,0,Flipped_成,128440779
2281,2017,6,5,从妈妈咪呀上看来的「眠；一生清雅，多才巧智」「林麓川泽，适时而眠，要心系天下，也要懂得保护自己！」莫名感觉和歌词很搭~Y E A H~,0,Cecilia-csc,246466390
2282,2017,6,5,抱走锦鲤大神,0,高橋玲奈_,337641559
2283,2017,6,5,渴,0,是土豆不是番薯,392949771
2284,2017,6,5,日常打卡，有燕姿的地方就有我,0,跳舞的克卜勒,122786310
2285,2017,6,5,我2008年开始听，今年26,1,花花在人间凑数的日子,436311820
2286,2017,6,4,喝水,0,磊是磊落的磊,474642746
2287,2017,6,3,很困很困了，可是很倔强  因为我知道自己没有办法听着歌睡觉，我曾经多次对自己说，不会再因为情感对自己的睡眠不好，可是没有办法，除了听歌，没有办法让我沉浸,0,yyyyyyyyyyc夕,113317575
2288,2017,6,3,找好几年，都忘了在哪听的了，旋律也忘了，只记得是孙燕姿，今天有空，挨个听，听到这里一瞬间全记起来了,1,杨不陆橙,121313722
2289,2017,6,3,有多寂寞呢,2,wings39,116465038
2290,2017,6,3,单曲循环,1,橙子lEl,284707115
2291,2017,6,3,好热阿💓听听燕姿,1,黑暗行星古兰斯菲亚,495929451
2292,2017,6,3,你看一晃就过了这么多年了,4,Bob鱼,114829209
2293,2017,6,2,毕业两年，在原来的城市读研，大学玩的好的同学每次过来看我，要走的时候心里都觉得空落落，离别的时候总是说下次多聚，可我们都知道聚会的时次数没有想象的多。送走的我每次回学校的车上都特别难过，做那个送走的人更加难受把。现在有点儿理解以前放寒暑假回家小住，开学去学校，爸妈我爱你❤,2,秋风喜欢绕人发丝,370351050
2294,2017,6,1,kepler刚出的时候 抢了好久这张专辑 本来说好的有亲笔签名的 但是姿妈那时候因为有事没有去台湾 等了大概有大半年才到手 依然没有亲笔签名 可是心里的那份悸动依然 从初二到现在大二 感谢遇见💖,3,哎哟雯,382897699
2295,2017,6,1,这是现场版的吗？，感觉开始的杂音有点突兀,1,orbit--,86402216
2296,2017,6,1,高三那段时间，晚自习下课，总喜欢带着耳机，绕着校园散步，单曲循环这首歌。看着形形色色的情侣，我一个人走着，看着，就觉得很宁静。,4,酥肉怡,305085686
2297,2017,6,1,高考时候听的歌呐。正好现在要大学期末考试了，突然有点怀念那个什么都不知道就知道埋头向前冲的自己，不想要失去那种干渴。,2,葱是绿的,344842041
2298,2017,6,1,燕姿,1,9点人,124168580
2299,2017,5,31,我2001年开始听，今年30！,3,Balance---,429029900
2300,2017,5,31,非常 难 唱,3,-啊茶-,266363519
2301,2017,5,31,那就好[大笑],1,家穷人丑身高一米六九,62476335
2302,2017,5,31,我笑了,1,小疯子_W,274852855
2303,2017,5,30,梦见一个人，是噩梦还是日有所思夜有所梦,3,LEO小君参上,279233226
2304,2017,5,30,听完这首歌觉得心中甚是清快   心灵洗涤亦,3,阿鬼-------,292206097
2305,2017,5,30,杏林  心灵洗涤么？？？求解,2,阿鬼-------,292206097
2306,2017,5,30,恩，加油[爱心],1,嗬岸,346055993
2307,2017,5,29,喝,1,Dolores-s,254943389
2308,2017,5,29,感觉像是日文歌,0,查鲤查鲤爱吃鱼,38814198
2309,2017,5,29,摸摸头，事实不能改变，调整一下心态[爱心],0,嗬岸,346055993
2310,2017,5,29,很喜欢@Dolores-s ,0,南川辞,329304592
2311,2017,5,29,……那，你现在，手还好吧[惶恐],0,嗬岸,346055993
2312,2017,5,29,姿迷报数,2,HarleyLllo,431048268
2313,2017,5,28,模范,0,JJ_sunny_zzZ,67335818
2314,2017,5,27,手松了 伤愈合,1,since80s,30941771
2315,2017,5,27,在孤独中孤独着，才懂安静的渴。,2,未来的你是否会记得,330902146
2316,2017,5,26,好听,0,脑洞庭湖,302253683
2317,2017,5,26,说不准我是学姐呢[憨笑],0,嗬岸,346055993
2318,2017,5,25,爱姿,0,姿意燕为,263726012
2319,2017,5,25,放你走了,0,yuyuuu5,454298169
2320,2017,5,25,羡慕,0,眺望云端1703,436785607
2321,2017,5,25,日推❤,0,浅野惠子X,109388281
2322,2017,5,24,超好听！！！！,0,七碗猫,97696024
2323,2017,5,24,单曲循环美姿的渴 6.16的西语专四 是会很璀璨了,0,Juniomajo,78423632
2324,2017,5,24,讨厌半夜醒，讨厌你喜欢别人，可是好像也没什么可讨厌的,2,橘子__--,55424646
2325,2017,5,23,十五天，加油[爱心],1,嗬岸,346055993
2326,2017,5,21,听着前奏还以为是live呢？,0,陌上陌路人-TheBeacon,271456918
2327,2017,5,21,不知不觉都2017 年了，,1,夏默柠檬,390138923
2328,2017,5,21,穿越生命的沼泽,1,starrylee,29431936
2329,2017,5,20,哈哈哈，好萌,1,蓝石头55,56061551
2330,2017,5,20,《饥》？,2,你叫我我也不答应,62900892
2331,2017,5,19,加班中，边听边哭。莫名触动心中那股说不清的情绪。这首打开了[流泪],7,YXstefanie悦兮-求黄金守护保护,394037658
2332,2017,5,19,希望自己也能璀璨吧,0,17个粽子,362517408
2333,2017,5,18,上次听这首歌的时候信心满满的从单位辞职创业，现在坐在工蓬里的架子床上，璀璨了,1,狼堡之殇,249106047
2334,2017,5,17,第一次听就果断加入了喜欢的歌单，说不清哪里非常好听，但是总是让我有一种单曲循环的冲动[爱心]孙燕姿果真天后。,1,我就不信找不到一个没注册的昵称,136761342
2335,2017,5,17,爱姿,0,姿意燕为,263726012
2336,2017,5,16,[爱心],0,冬至未凛,58850479
2337,2017,5,15,学姐你好,0,gnx要好好学习,101478295
2338,2017,5,15,听到泪奔。也不知道自己为什么泪奔。喜欢燕姿七年了。,2,有些风景永远看不够,374311290
2339,2017,5,14,然后喝了杯水,1,就是喜欢吃软桃ya,267516930
2340,2017,5,14,专辑刚出的一直单曲循环，很久没听，再次听到真是感动到不行[流泪],1,六一本一,75791646
2341,2017,5,14,签到女神！,0,所有该产品都注销,68961590
2342,2017,5,13,只想回家。,1,_关忆北,83545299
2343,2017,5,13,梁子打卡！,5,快乐肥仔马宝-,136337577
2344,2017,5,13,"If there is no way out, why do you keep chasing pavement?",0,Ryandontplay,16573493
2345,2017,5,13,没对象没朋友还没钱 感谢我还有一堆爱我的以及我爱的父母和我那个还没来到的不知道什么颜色的未来让我有理由坚持下去,0,泡泡泡泡星,255857622
2346,2017,5,11,哈哈我也是很喜欢孙燕姿，可是我前男友都不懂[流泪],2,皮卡可丘,392495798
2347,2017,5,11,好听死了,0,sunxx1997,88989398
2348,2017,5,11,怎么都没有人评论这首歌前奏那十几秒的咳嗽什么的，好像演唱会现场一样,0,real锐,436635625
2349,2017,5,11,我们经历一模一样,1,real锐,436635625
2350,2017,5,11,生活不止有眼前的苟且，还有前任的喜帖[大笑],8,家穷人丑身高一米六九,62476335
2351,2017,5,11,在追逐中追逐着，才懂漫步的渴……我不想再找他了，不想再把自己的自尊一次次扔到地下又自己捡起来……40天了，是时候接受现实了吧……该找你的人早来找你了……,2,milkbabo,373531090
2352,2017,5,11,愿你有高跟鞋也有跑鞋  喝茶也喝酒愿你有勇敢的朋友  有牛逼的对手愿你对过往的一切情深意重  但从不回头愿你特别美丽  特别平静特别凶狠  也特别温柔,7,一条狗的傲慢,481632245
2353,2017,5,11,很难过很孤独就想听这歌,2,Aiyimin,329730015
2354,2017,5,10,听到了一声男人咳嗽,0,Kummerspeckoo,322454889
2355,2017,5,10,璀璨了便回来,0,帐号已注销,107352004
2356,2017,5,9,真的越聽越耐聽~,0,撒哈拉划水王,280286775
2357,2017,5,9,超好听   很喜欢   ,0,豆芽KAY,390633768
2358,2017,5,9,一直很喜欢燕姿的歌说不上为什么,0,-Cest-La-Vie-,53248108
2359,2017,5,9,加油哎  我是软件工程的大一新生[大笑],0,姗妮crystal,332796121
2360,2017,5,8,现在才喜欢上你，不算晚吧,4,-TANGLIYAO-,346269022
2361,2017,5,8,高三听的 太多~,0,日更野的狗,279474563
2362,2017,5,8,封面差评,0,萝卜胡须,115991530
2363,2017,5,8,加油~！,1,Cyber_Julia,57184604
2364,2017,5,8,什么民谣什么战歌什么神曲我不随大流了，还是认认真真地听回来燕姿的歌吧。[憨笑],1,夜猫子与歌,365273278
2365,2017,5,7,说我目前的状态，一个渴字再加一首歌就够了,0,孙如绿叶,29573249
2366,2017,5,7,初中班长用的昵称就是渴，他应该很喜欢这首歌吧,5,聒碎阿,271033209
2367,2017,5,7,我今天第一次听这首歌，而我今天上午刚好考完托福，我向往的也恰好是纽约大学，祝我好运吧,6,ChuckAF,303714026
2368,2017,5,6,我也是准高四我也爱燕姿 ！一起加油,1,__Kepler__,71162920
2369,2017,5,6,离高考只剩下最后一个月，刷完题的我第一次听这首歌  燕姿的声音真的是有魔力的 放松很多 祝自己高考顺利  加油[拜],5,古长安_,315837778
2370,2017,5,6,这不是三年前的歌吗[呆],0,一叶扁舟_____,98760641
2371,2017,5,5,迷糊的不行。希望努力能有结果。继续努力。,2,我要摘星星i,354351980
2372,2017,5,5,感觉有点像速7,1,Popsicle丶小草莓,274809655
2373,2017,5,5,安静的渴,1,大梦一场的树木,125818387
2374,2017,5,5,渴,0,飯沒餾透,263738375
2375,2017,5,5,❤,1,一萬瓶狗,73787641
2376,2017,5,4,从你是孙燕姿开始听，你现在是姿妈啦，我还在听，爱你[色],4,馨馨庞吖吖,296396435
2377,2017,5,4,先听无限大，再听渴！一会激动，一会安静！让我再抖抖腿！,0,遗忘了前世的注定,131040965
2378,2017,5,4,一下子回到了高三的夜里每天听这首歌挑灯夜战的日子[爱心][爱心][爱心],3,赫尔辛基的流浪猫,347588110
2379,2017,5,4,这张专辑才出时，第二爱的歌,2,YZKEPLER,42348015
2380,2017,5,4,零黑粉的歌手，大爱,2,blurless,423590906
2381,2017,5,4,这首歌真的很治愈,0,星回贰肆,136771386
2382,2017,5,4,这个是真的好听,0,星回贰肆,136771386
2383,2017,5,3,那时候 刚和他恋爱  听的就是这首歌 分手过后再也没听过  听了 其实也没什么,1,见一个,68125129
2384,2017,5,3,哎呀呀~热评第一的小姐姐好励志，我也要加油！,6,-马小茜,119240691
2385,2017,5,3,燕姿点歌都是这样的，所以都可以爱她好久[亲亲][亲亲],0,xiaoyi21ge,411650930
2386,2017,5,3,昨天和女朋友第一次一起去KTV，弹出来这首歌，两个人都说不会唱，都说很好听，她说回去学好这首歌，下次唱给我听，好开心也好失落，多想每天和她待在一起，加油。,0,晨间清风吹散了昨夜的梦,271492580
2387,2017,5,3,我特啊有弄啥类,0,米开朗基洛夫斯基,45271180
2388,2017,5,2,我也是,1,帐号已注销,75980429
2389,2017,5,2,我能说这是克卜勒里面我最爱的吗...,3,我并不胖啊,113931531
2390,2017,5,2,陪我度过高考，谢谢！,1,开黑啊来啊,433562082
2391,2017,5,1,虽然是老歌，但是让人如痴如醉，依旧惊艳无比。,2,花枝蔓野,337774648
2392,2017,5,1,在我想和你唱看到你，突然发现我听过你那么多歌，一看到你就回忆起了青春,0,CAPTAINtttt,404409386
2393,2017,5,1,这张专辑首首好听啊，好惊喜呀[亲亲],0,荒芜忧伤,408573117
2394,2017,5,1,我2000年开始听，我今年30,1,青春陶子,46000740
2395,2017,5,1,已经想不起当初的梦想，如何璀璨,3,ringca,250738859
2396,2017,5,1,爱燕姿很久，她的歌陪伴了我无数难捱的时光，却从未当作是心中最爱；对自己喜欢的人，也是如此。一个人很久了。,2,会唱歌的玻璃,272574239
2397,2017,4,30,这是时隔五年回来听这首歌了，当时喜欢的时候还是初中，真的是能听出来很多不一样的。渴，安静的渴,0,watermelon_xx,380120884
2398,2017,4,30,2509、,0,莫浅草,90415002
2399,2017,4,30,这个逼装的我给满分,4,老顽童老中医,284956454
2400,2017,4,30,"大舌头的我简直要哭出来了
",1,日中天的刚哥,65446128
2401,2017,4,29,超爱的一首,3,闻同学别折腾啦,349900826
2402,2017,4,29,感动,3,闻同学别折腾啦,349900826
2403,2017,4,29,这专上架时，我没怎么听懂，听着音乐节目播这专辑时，完全想不到多年后的自己会把每一首都单曲循环。我听着时间的沙像首歌。抱抱自己。,4,创世者有权摧毁世界,107215923
2404,2017,4,28,三姨夫和同事来苏州出差，一起出去玩、吃饭，最后看他们走的时候，突然好难过，此生最怕是离别,3,Bodrums,136248780
2405,2017,4,28,最后那段真美,2,Tanya随,409404998
2406,2017,4,27,那一年，我不难过[呲牙],2,画沙四叶草,261843580
2407,2017,4,27,计算机课上笑出声哈哈哈哈哈哈哈哈,2,她丢了一颗草莓,434588124
2408,2017,4,26,真的  有些人是无惧岁月的  不会被时间打败的  由内而外的散发 永恒,0,Inneweard,468939771
2409,2017,4,25,世界上那么多人在追逐，你还有什么放不下。,1,alxyt,122612038
2410,2017,4,25,啊…你还好么,0,Converse_High,329278151
2411,2017,4,24,爷爷去世的之后，我骑着单车，耳机里循环这首歌。一边流泪一边感觉到被抚慰。,4,Nebbia,79271500
2412,2017,4,24,一转眼新专辑已经这么久了啊,1,陶子休,104659524
2413,2017,4,23,爱姿,0,姿意燕为,263726012
2414,2017,4,23,学姐好。哈。,0,轩雨星晴,116580701
2415,2017,4,23,爱姿,0,姿意燕为,263726012
2416,2017,4,23,校友好🤝,0,Sophia_Aries,61273729
2417,2017,4,23,再见,0,吉木艾青,133391606
2418,2017,4,23,是一首听了就想 和我小男友在一起的歌 不想跟他闹别扭[爱心][爱心],1,balabalabalabalabalabalalala,330427427
2419,2017,4,23,我居然能和你这个“璀璨生”听同一首歌，璀璨了！,2,Billy-goat,135563230
2420,2017,4,23,很好听的歌，评论没有一万真是奇怪,0,帐号已注销,277396579
2421,2017,4,23,同城,0,帐号已注销,277396579
2422,2017,4,22,现在好好学习，为了下次坐到同济图书馆里听 《渴》[憨笑],5,张靖雨是大名,90824886
2423,2017,4,22,我还好[大哭][大哭],0,1XCccccccccccccccccccccccccccc,100896284
2424,2017,4,21,路过原来的学校，听到电台里放的这首歌想起了原来的很多事，你还好吗[流泪],1,眉眼似星-辰,436992840
2425,2017,4,21,是！！！！,0,嘎嘎麻豆,64622000
2426,2017,4,21,聪明的人嘴甜 讨厌的人会演  而你什么都不会所以只能被骗,3,鸢笺,264529006
2427,2017,4,21,我即将失去我最爱的人 我有多么的不舍 可是爱情不是我一个人可以决定的 她的笑 她的闹 她的脸 她的点点滴滴 我这辈子都不会忘记 手机全是你的照片 以后只有照片中的你陪着我了 你离开我了之后我可怎么办啊 我根本就照顾不好自己,1,嘿213,112161776
2428,2017,4,21,哦吼,0,丶左先生啊,258148422
2429,2017,4,21,好听,0,勿望星月,119886461
2430,2017,4,20,想起两年前那个迷茫的午后,1,East_one,310082037
2431,2017,4,20,考试必过歌？周末公务员考试 加油加油！！,1,乔气包小姐,324612253
2432,2017,4,19,回头就迷失了当刻,0,鹿鸣啾啾,289723539
2433,2017,4,19,他给我分享的第一首歌听了3年 再见了,1,十一更,384594067
2434,2017,4,19,"[大笑]还计算什么呢
走吧走吧不要停下",2,罗米扣,442007649
2435,2017,4,19,还饿,0,Befreit,373069899
2436,2017,4,18,看见你，会扎心的疼[痛苦],1,菲迷约定,350424434
2437,2017,4,18,你真棒,0,MRCURIOSITYII,327065033
2438,2017,4,18,[流泪][流泪][流泪][流泪][流泪][流泪][爱心],0,--我离孤单几公里,404281329
2439,2017,4,17,看评论看到大家似乎在备考的时候听这首歌好像都取得了不错了成绩，那也保佑宝宝周末托业考试棒棒哒吧[拜],2,你不开心我就卖萌,279038214
2440,2017,4,17,谁说她不红啊？,2,美奈不可撕,296504663
2441,2017,4,17,同样在学校图书馆里听,0,一直活奔乱跳的警校生,469226195
2442,2017,4,17,这么好的嗓子，为什么不红，网易云的盆友我相信你们不瞎，请把我顶上去，谢谢！！,1,JAZZMS,416072005
2443,2017,4,17,这首越听越有味道,0,周阴婷工作室,373666035
2444,2017,4,17,迷恋，,0,NumbLater,115418975
2445,2017,4,16,克卜勒真是最喜欢的专辑,1,二hang,99519617
2446,2017,4,16,宁折不弯[大哭],0,hangEureka,386282552
2447,2017,4,16,你们在一起吧[大哭][大哭],1,NBA名宿艾弗森,264049003
2448,2017,4,16,"为什么人们总是对过去的事物那么怀恋？你有没有想过？那是某种关于熟悉的安全感。
",6,零小瑢,290658615
2449,2017,4,15,学霸666,1,解世康,413599432
2450,2017,4,15,爱了就会生欲念，会辗转反侧。早知如此绊人心，何如当初莫相识。唉。,3,简926,96196840
2451,2017,4,14,为啥不能 我刚分享完,0,嗯嗯嗯嗯怎么了,35100413
2452,2017,4,14,握紧的手松了伤愈合,0,嗯嗯嗯嗯怎么了,35100413
2453,2017,4,14,越来越渴，势必越来越孤独,1,孙如绿叶,29573249
2454,2017,4,14,有时候想想，又能怎样？还是放下吧……,1,前路漫漫l人生何处不青山,432070444
2455,2017,4,13,既然我这么喜欢你，好像也不是太在乎了。,0,carrylife98,253201021
2456,2017,4,13,单曲循环多少次都不会嫌腻的歌,0,捕捉心动歌词的少女,335324435
2457,2017,4,13,我知道，也知道，也许明天会更好,0,天空血红色,134673656
2458,2017,4,13,啦啦啦,0,墨雪迪,453255862
2459,2017,4,12,15岁开始听孙燕姿的歌，如今也步入30。那年中考考得很差，一盘天黑黑的磁带陪伴了我整个暑假，后来出去上学每晚听她的歌入睡，再后来遇上我先生也是孙燕姿迷，他是学霸而我却是学渣，特别能体会孤独的滋味，唉，孤独,4,3250116,452278194
2460,2017,4,12,现在听这首歌是大一高数课堂上坐在教室里发呆😳,1,可爱又迷人的反派角色yo,120769035
2461,2017,4,11,卸下了 就璀璨了,0,当时月光-,2511258
2462,2017,4,11,过去了就过去吧…如同手中沙，不能留也未曾留,3,小米楞,336547341
2463,2017,4,11,超爱的一首,0,闻同学别折腾啦,349900826
2464,2017,4,11,"会遇见你的
",0,SHyue丶ang,426479579
2465,2017,4,11,会遇见你的[爱心],0,七禾页hhh,68804975
2466,2017,4,11,[星星],0,帐号已注销,269022182
2467,2017,4,11,第一次 就喜欢,0,Irreplace-,339874069
2468,2017,4,11,当年在寝室，舍友推荐给我，如今，4年过去，我是依然单身狗，舍友也是。,2,hangEureka,386282552
2469,2017,4,11,十里寒塘路，烟花一半醒。,1,你尽有苍绿,317809289
2470,2017,4,10,哈哈哈 翻了半天翻到自己的评论，16年7月28日。好高兴想让全世界都好好的，希望看到这条评论的人想做的事都能实现,2,星行小颗一,105447999
2471,2017,4,10,上一次听这首歌还是在备研，今天出了复试结果。所幸考上啦，没有辜负那段孤独的时光呀～ ,3,星行小颗一,105447999
2472,2017,4,9,当年我们还是很幸运的,0,如烟-温柔,46604243
2473,2017,4,9,这首歌，真的，有毒[呲牙],1,桥本有腿啊,90197908
2474,2017,4,9,时间偷走了些什么，又留下了些什么。,0,帐号已注销,286972711
2475,2017,4,8,"好爱这首
",1,观门人,83733760
2476,2017,4,8,已为人母的孙燕姿，不能想20岁那样还唱着天黑黑。越唱越深，这么多年了，还能有质量如此高的作品[强],2,没头脑和不高兴H,30496509
2477,2017,4,8,我的天啊  前奏简直了,1,熊熊熊熊小月,125571929
2478,2017,4,8,卸下了 就璀璨了,0,做你的一片云,310164697
2479,2017,4,7,在追逐中追逐着,0,阿星同学理想世界,307224263
2480,2017,4,7,很有空间感的一首歌,0,O_oHULLO,343829645
2481,2017,4,7,希望遇到那个愿意陪我听你的他,2,Biubiubiubbiubiubiu,354748399
2482,2017,4,7,[鬼脸]同济校友啊,0,bootmasterzj,359506014
2483,2017,4,7,加油哦！,0,知更YISA,84933293
2484,2017,4,7,哇,0,林趣心,324062879
2485,2017,4,7,💝👾💓,0,沙漠你爱吗97,80713561
2486,2017,4,7,我现在真的很想喝水[流泪][流泪],3,走到哪都撞到头的大高个,262807771
2487,2017,4,7,在追逐中追逐着，才懂得漫步的渴（第一首在KTV唱的歌）,1,是时候起个网易的名字了-,44676719
2488,2017,4,6,恭喜！！正在复习，希望今年七月份我也能说出这句话[吐舌],0,贪吃梨,81301701
2489,2017,4,6,我考上了[鬼脸][鬼脸][鬼脸][鬼脸],5,知更YISA,84933293
2490,2017,4,6,听了好多遍的歌，好久没听，刚刚放前奏时候居然听着觉得很难受……,0,Lincarrot,295418885
2491,2017,4,6,一样,1,狂野休止符,113811266
2492,2017,4,6,我记得2014年这张专辑发行，我下在手机里，快高考前每天晚上刷题都会听，一转眼我都大三下了,1,Trabadour_,99831213
2493,2017,4,6,梦想何曾干涸,2,孙如绿叶,29573249
2494,2017,4,6,我在路口眺望着饥渴要命呼~舍不得,2,孙如绿叶,29573249
2495,2017,4,6,学姐真棒啊！！！,1,Olivia李木子,116115044
2496,2017,4,5,突然想起来这个旋律死活想不起来名字。终于找到了[流泪],1,我爱他zx,369485102
2497,2017,4,4,我也是，分手了之后就想去她单位，什么都不干，就静静地待在附近，想着以前在一起的时光，心里祝福着希望她找到更好的吧，毕竟以前深爱过即使现在也爱着[惶恐],4,倔强地西兰花,44439057
2498,2017,4,4,昨晚打车路过他单位，我下车在对面坐了一会儿，一直在听这首歌。好想他啊，分手后第一次来这边，连你单位附近我们曾经最爱逛的商场也没有再去过一次，可能我还没好吧，我也知道我会好起来的，希望他也是。,5,vikey0724,61354733
2499,2017,4,4,想分享给谁..却又不知道给谁分享..,0,月亮也晚安1,102315234
2500,2017,4,4,算了，拜拜。早断早解脱，祝咱们俩再也没有重逢。,1,帐号已注销,116913768
2501,2017,4,4,12.04我以为我对你没感觉了12.12你恋爱了，为什么我什么感觉都没有02.11和你吵架了，我害怕你不和我说话了04.02追逐一路，我累了。孤独一路，我累了。从此，我要活出我自己，不那么累了。,4,可能是时光让我变得冷酷,421202574
2502,2017,4,3,把这首歌分享给你  不知道你听没有听  ,1,浅巷,9982551
2503,2017,4,2,我真的是渴了吗？那还不如渴着孤独,2,TCMCATS,418612773
2504,2017,4,2,真的有点丝路的感觉 当年丝路可是阿信+王力宏创作的神曲啊 虽然不算fish的大hit 演唱会也很少唱(可能现场太难了吧)但确实是越听越有感觉那种,1,松岡茉優,66232798
2505,2017,4,2,去年的四月我听着这首歌备考 只觉得前路坎坷无望 仅靠五三 用光的中性笔和网易云熬过漫漫长夜 今年的四月我坐在昌乐二中的教室里 认识了很多很棒的朋友 减掉了三十斤 数学不再是让我皱眉反感的学科 每一天 我都想感激这个世界,4,粟也,279285872
2506,2017,4,2,希望你会遇到一个想一起旅行的人，泪目,1,帐号已注销,37799822
2507,2017,4,2,恩，那时的生活节奏慢，歌曲也都很优秀，感动尤为深刻，直达心里,0,苹果树上的傻苹果,380469811
2508,2017,4,2,朋友圈都不能分享了 真的是孤独中孤独着,2,不经意封,365995926
2509,2017,4,1,💙,0,赏个sweety,99788384
2510,2017,4,1,前几天看这首歌还是33，今天变22了哦,1,小峻的歌单,381185488
2511,2017,4,1,那时的人也很单纯，一首歌就能让人高兴一整天。,0,光之西北,78570228
2512,2017,4,1,在孤独中孤独着,2,李十七七七七,382224221
2513,2017,4,1,渴,0,遊__,79915951
2514,2017,4,1,被喜欢和被给予爱是两码事,1,X潇殇弑X,19199627
2515,2017,4,1,如果一个女孩毁容了，是不是也不该得到爱？,1,致命锝安全感,336780302
2516,2017,4,1,不经历过的人听不懂吧😄,0,medsir,70093854
2517,2017,4,1,每一句最后押了e  ,0,vInCent哇,48926777
2518,2017,3,31,好难唱的一首歌！,2,是泥巴,55507414
2519,2017,3,31,上次听还是在撒哈拉徒步穿行,0,小宝儿爱唱歌,363385435
2520,2017,3,31,欢迎下次再来苏州,0,陈大盒,127668977
2521,2017,3,31,在孤独中孤独着,1,伊恋晨雪,443118934
2522,2017,3,31,我没去过你的公寓，没看过你的侧脸。远远看着你，不想干涸。,0,Harpiano_dejected,76396282
2523,2017,3,31,我也是，我记得孙燕姿刚出道那首天黑黑，首次来大陆演唱是做客湖南卫视的一档什么节目来着，很老的节目，现在还有画面。那时的节目很单纯，就是做音乐 没有其他,2,苹果树上的傻苹果,380469811
2524,2017,3,31,好。,0,无尽涯,97939275
2525,2017,3,31,超喜欢的这首歌,0,同志小叔,249576555
2526,2017,3,31,厉害了厉害了,0,三只马,50294990
2527,2017,3,31,特别感谢那一本本陪我度过漫长岁月的盗版磁带，绿光、风筝、天黑黑、逃亡，哇哈哈，暴露年龄了。。。。对了，还有那支用来转磁带的铅笔。。。,5,光之西北,78570228
2528,2017,3,31,我只知道听歌做几何题很有效，还不知道原来还能记单词，学霸加油,1,光之西北,78570228
2529,2017,3,30,学霸，膜拜,1,讯默,55126751
2530,2017,3,29,"深夜与深谷中：当我们卸下了颜色，璀璨了，还计算什么？
经历过，珍惜着！便是了~",2,___零,15473213
2531,2017,3,29,好累你可不可以来抱我一下,7,我头发真的乱了,258969750
2532,2017,3,28,是都快老了[幽灵],1,黑皮猩猩,7762618
2533,2017,3,28,哈哈,0,像老田一样努力啊,40642415
2534,2017,3,27,现在高三？,0,像老田一样努力啊,40642415
2535,2017,3,27,不太爱说话，喜欢静静的听。,1,iPonyo,33857205
2536,2017,3,27,高三,0,野鬼_never,374489852
2537,2017,3,27,你是什么时候,0,像老田一样努力啊,40642415
2538,2017,3,27,我也是，🌚🙈,0,野鬼_never,374489852
2539,2017,3,26,你比较大，初中开始听天黑黑的都已经大了,1,燕姿的粉丝,121753978
2540,2017,3,26,起床铃声听了三年[呆]不听都会不习惯了,2,当冬夜渐暖yz,398756291
2541,2017,3,26,我在路口眺望着 我听成了“我在优酷 眺望着”。。,0,白日梦游中,92893775
2542,2017,3,26,会遇见你的,0,八月照相馆儿,386522111
2543,2017,3,25,看着热评上有说逆光时才是小学的朋友，我这从高中时天黑黑听起的大叔怎么办，嗨，记得有人说燕姿的歌没那么多感情，其实不想说什么唱功的事情，我只想说你没有听够次数，听一百遍的时候，你可能才懂她,2,黑皮猩猩,7762618
2544,2017,3,25,好歌,0,爱做梦的油腻少年,96491627
2545,2017,3,24,为什么孙燕姿的歌评论这么少,0,天天向上JAY,120421421
2546,2017,3,24,衣服要买，时间要过，生活还得继续,1,dora安小东东,278235745
2547,2017,3,24,加油！,0,加菲肥肥肥猫,430188551
2548,2017,3,24,喜欢她的小转音,0,0-47-167,249388685
2549,2017,3,23,[爱心],0,李笑多,107983664
2550,2017,3,22,词韵脚压的e 好厉害 ,1,好好吃饭多喝热水,257254200
2551,2017,3,22,喜欢燕姿小天使的一定是善良的人[可爱],3,桥本有腿啊,90197908
2552,2017,3,21,燕姿,0,半句再见u,402185148
2553,2017,3,21,被摧残之后便会星光璀璨,1,渺小的豆腐,334430616
2554,2017,3,21,璀璨了,0,渺小的豆腐,334430616
2555,2017,3,21,很渴很渴,0,帐号已注销,52573131
2556,2017,3,21,你厉害了，那些都是宝贝,0,骆雨淞,329263730
2557,2017,3,20,孙燕姿不叫追，她的歌我们欣赏，喜欢，音乐传过来的知音吧,0,叙芽龙府的海底世界,102572349
2558,2017,3,20,做自己就好，做好自己就好,1,叙芽龙府的海底世界,102572349
2559,2017,3,20,可以的，用歌词道歉,0,叙芽龙府的海底世界,102572349
2560,2017,3,20,[开心]恭喜恭喜，还有更大的平台和世界给你，不断⛽️,0,叙芽龙府的海底世界,102572349
2561,2017,3,20,结尾惊艳,2,病气气的,127867670
2562,2017,3,19,莫名的喜欢,0,喜巧-,411288668
2563,2017,3,19,日推打不开😫😫😫,0,Vertine,385808057
2564,2017,3,19,啊听了好几次感觉似曾相识终于想起像谁了...TK的White Silence...,0,slwilliam,13485480
2565,2017,3,18,喜欢她好多年，却也错过了很多好听的歌,0,Ann-xx,136762219
2566,2017,3,18,每次听到前奏就想起乐团试音 就想到那段日子 时间过得真快啊…,0,白豬貓Viola,76586160
2567,2017,3,18,听她声音想哭,0,Demoisellek_,131191619
2568,2017,3,17,“…的渴”应该是“thirst for”？,0,Y_undui,38983182
2569,2017,3,16,孙燕姿啊,0,二十五岁去法国,273317855
2570,2017,3,16,@Demoisellek_  : ),0,姜生在,84682167
2571,2017,3,16,怎么说，孙燕姿的声音总让人想起以前那些微风不燥隔壁少年正美好的日子，好像我还没有长大，还可以任性一点肆意的笑，还可以下课打水的时候从窗口偷偷看一眼我心尖上的少年。,3,末奈奈Kyrene,114891303
2572,2017,3,16,啦啦啦超爱女神的歌,0,山神阿瘦,344651166
2573,2017,3,16,喜,0,heroinheroinheroin,107478282
2574,2017,3,15,在孤独中孤独着   才懂安静的渴,0,慢人63,415184948
2575,2017,3,14,听说女神姿又要发新辑了[色],1,秋葵炒蛋丫,248446467
2576,2017,3,14,这个歌喜欢,0,LLZQZY0214,98571318
2577,2017,3,13,陪了我一个大三,0,kiko-nn,372167234
2578,2017,3,13,[爱心],0,Summer237,82585364
2579,2017,3,11,在漫步中漫步着，才懂追逐的渴,3,Summer237,82585364
2580,2017,3,11,@废柴荣,0,灵魂缉天,50576252
2581,2017,3,11,听她的一首歌是爱情证书 ,1,鲸简简,302617623
2582,2017,3,11,喜欢上孙燕姿的人，是不是很难再喜欢其他人。,2,刺猬是只猫小喵,330001604
2583,2017,3,10,做高数题也很享受～,2,银翼的天鹰,124164380
2584,2017,3,10,听着燕姿刷单词也变得值得享受,1,飘着_,246618908
2585,2017,3,10,真的渴了想下床喝水，现在是凌晨三点半,1,海绵1874,298588296
2586,2017,3,9,希望来年再听这歌时会 热泪盈眶,0,阿璇呐呐,248748197
2587,2017,3,9,愿今日所有单身的酒，来日都化作你的温柔。[奸笑],3,蓝色风筝丶,74662434
2588,2017,3,9,爱姿,0,姿意燕为,263726012
2589,2017,3,7,越听听越好听,1,itSylvia,355542756
2590,2017,3,6,一种特别的味道。觉得每次听都有不同的心境与感受，第一次听在高三寒假，第二次是在暑假毕业，希望它能陪伴我每个冬夏,0,无脚鸟---,304042586
2591,2017,3,6,大学一年级的我,1,Pugez,133401894
2592,2017,3,6,刷作业听着,0,贰顆菠蘿油,312796344
2593,2017,3,6,这么好听才2000+[怒],0,Fee_Fi_Fo_Fun_For_Me,46175655
2594,2017,3,6,无论何时听 一种缓慢向上的态度  孤独中不放弃  诠释的真好 [可爱],2,About_Ww,280158873
2595,2017,3,5,最爱的一首～,0,闻同学别折腾啦,349900826
2596,2017,3,5,记得吃晚饭，吃的清淡一点。要吃饱，别光吃菜，要吃主食，乖,1,夜马,36748645
2597,2017,3,4,一直爱着[爱心],0,Without___a,272625702
2598,2017,3,3,本专最喜欢的一首歌,0,Zinger77,275131578
2599,2017,3,3,很喜欢这种淡淡的感觉,0,矢妤,269003295
2600,2017,3,3,2014年春天，高三的我得了腮腺炎，为了不传染其他同学，老师准我回家养病。我坐在回家的车上，沿途风景很好，阳光灿烂，春风习习，我穿着自己最爱的衬衫，听着这首渴，度过了舒适意外的一个高三假期。,2,巴然和日,72196949
2601,2017,3,3,想起了自己百日誓师的那一天，当时没感觉到有什么，两年后的今年在想，还是那段不后悔的拼搏日子最珍贵。,0,欲盖弥彰ove,254470139
2602,2017,3,3,爱姿,0,姿意燕为,263726012
2603,2017,3,2,不打扰是我的温柔,0,夕阳vv,322819960
2604,2017,3,2,恭喜,0,詹大白哥哥,390026796
2605,2017,3,1,舍不舍 不舍,0,__Tahiti,52310545
2606,2017,3,1,找了这么久，终于又找到了。很抱歉啊，把你弄丢了。许久不见，君可安好？,0,Jesss-y,82688184
2607,2017,2,28,[大哭]好想孙燕姿哈~,1,玫心玫肺,362516400
2608,2017,2,28,[星星]高考要“璀璨了”,6,佐加野,48033530
2609,2017,2,28,会好的，不是那个人也会好的,3,Z_wwwwwww,52175911
2610,2017,2,27,挺好笑的吧，现在我大学了，这首歌也已经听到不想再听了，和你也不联系了，你朋友圈也屏蔽我了，可是每日推荐再出现这首歌的时候，想到的第一个人还是你啊。,5,chqiaa,72017913
2611,2017,2,27,几年前，大晚上的突然很想你，给回国的你打了通电话，被你的彩铃吸引过去。为了听清是什么歌，打了十几通电话，有趣的是你也一直没有醒。终于听清了歌词，一查是孙燕姿的这首《渴》。然后给你发了个短信，说，你的彩铃很好听，才打了这么多通电话想听清的，你别生气，然后过了一会儿你给我回了个问号。,6,chqiaa,72017913
2612,2017,2,27,真好听，以前为什么没发现呢,1,srses,249586597
2613,2017,2,27,网易真是初中高中大学研究生学生找存在感的地方😢,1,格子様,98027566
2614,2017,2,26,明天真的百日誓师,0,Heartbeatse,261836731
2615,2017,2,26,我也是,0,Heartbeatse,261836731
2616,2017,2,26,我也是,1,赤赤-赤,249321607
2617,2017,2,26,唱到最后可能真的渴了吧,0,A11ISL,128643625
2618,2017,2,25,噢耶耶！！！,0,明天去打渔,263397800
2619,2017,2,25,好多人百日誓师啊[流泪]大家要一起加油啊,1,西拱-,125142348
2620,2017,2,25,我也是啊！！！！要一起加油哇！！！！,0,西拱-,125142348
2621,2017,2,25,准备着考试，很durstig,0,fiauque,120563239
2622,2017,2,25,这感觉说不出。[星星],0,帐号已注销,310071065
2623,2017,2,25,谢谢！！！！！,0,明天去打渔,263397800
2624,2017,2,25,加油,0,nodame酱汁,367100223
2625,2017,2,25,16年网易云音乐最喜欢的歌排名第一[憨笑],1,伽蓝之洞23,133793875
2626,2017,2,24,明天百日誓师了！[皱眉],7,明天去打渔,263397800
2627,2017,2,24,我好朋友的哥哥很喜欢孙燕姿，她哥哥真的很优秀,5,关关关GW,289083050
2628,2017,2,24,还是舍不得,1,小乖乖有病,265008758
2629,2017,2,24,学霸，厉害了,0,斐鴻,372292049
2630,2017,2,23,打卡,0,孤单---个人的狂欢,263901035
2631,2017,2,22,舍不舍,1,易易易倩_,349042307
2632,2017,2,22,像这么重要的歌就要下载下来，以防万一网易云将它下架了，诶，可惜了愚人的国度！,1,爱吃柚子的梨,95682939
2633,2017,2,22,陪我度过失恋的歌,0,9iee,80753009
2634,2017,2,22,10:48,0,林守乐,55243746
2635,2017,2,21,会遇见你的。,1,把酒言话,116902125
2636,2017,2,21,即将百日誓师+1[流泪],0,把酒言话,116902125
2637,2017,2,21,路口~独特的发音,1,把酒言话,116902125
2638,2017,2,21,听这张专辑的时候我在那个国度一个人埋头做实验，一遍又一遍循环着，不知不觉，三年过去了，不真实。,0,金小小小希,374466889
2639,2017,2,21,听燕姿第一首是和平,2,不是我我真的不是羊,341197437
2640,2017,2,21,即将百日誓师 听完这首歌 竟然想哭……,0,FREE__lzc,275629459
2641,2017,2,20,犹记得初二时在街边听到一首歌，很喜欢，可惜那时没有听歌识曲这个功能的，时隔多年，那首歌的调子也是哼不出来的，而现在我却能把握住每一首我喜欢的歌，这首歌也是一样，只要遇见就可以不错过，真好。,0,古韵sky,124003003
2642,2017,2,20,实习过后 c……,0,5点差3分,333736354
2643,2017,2,20,两年半了，现在还有唯一心愿就是去孙燕姿的演唱会。快来吧,1,Summer樱祭,10314366
2644,2017,2,20,沾沾喜气！,0,Reinhardtii,80971136
2645,2017,2,20,我也是啊……  准备考试了有点迷惘,0,六秋v,102720483
2646,2017,2,19,高中时听过孙燕姿的克卜勒专辑 如今听来竟是如此的艰难  感受深埋 像是在森林迷路的小孩 看见 阳光反复婆娑的影射在渴望的瞳孔里面 一次次希望 一次次的小心翼翼  近在咫尺的光芒却隔近飘渺  我也不大清楚我在说什么....,1,哥哥的歌_,86182820
2647,2017,2,19,2222 ?  ＋1,0,Titiiiiiiiiiiiii,117684043
2648,2017,2,19,三年了，依然在听这张专辑。越来越爱《渴》 耐听佳作。,3,Leon_wait,93467884
2649,2017,2,19,越听越爱，越爱越听,0,吃葡萄不-吐葡萄皮儿,250226700
2650,2017,2,19,莲迷来品味一下这张专辑[呲牙],2,95度烧碱,354129498
2651,2017,2,18,最爱的一首,0,闻同学别折腾啦,349900826
2652,2017,2,18,考研狗来还愿，过了初试。在准备复试～,5,星行小颗一,105447999
2653,2017,2,18,听的心疼,1,愚蠢的理想主义吖,321245903
2654,2017,2,18,晚来的春寒让我早早窝进了被窝，听着歌想到了什么，想要写出来，可是话到指尖又觉别扭，我只是还不愿承认放不下你。时光翻过一年两年三年，反而想念日渐增多，现在的生活真是缤纷多彩，吃喝玩儿乐样样变着花样来增长GDP。我呢还是容易把眼睛扎进柔软的文字里，把回忆用在你的那些难以捉摸的小心思里。,3,麦田里的六便士,45285834
2655,2017,2,17,时光的秘密,1,罗大侠3569,412263681
2656,2017,2,17,在网易找一个同样喜欢燕姿的女孩[奸笑]这样我就有伴一起在音乐里谈恋爱了！,0,翠花上菜啦,274868856
2657,2017,2,16,好听！,0,蝙蝠侠是我儿子,18608975
2658,2017,2,15,我听着，时间的沙像首歌,3,宋糊,323842341
2659,2017,2,14,打你！,0,帐号已注销,349680488
2660,2017,2,14,爱姿,1,姿意燕为,263726012
2661,2017,2,12,今年有新歌有新歌有新歌,1,账号还是注销吧,17481219
2662,2017,2,11,想娶她做老婆,1,wonderfultwo,255060526
2663,2017,2,10,听出了看破放下的禅味儿！[可爱][可爱][可爱],1,Stephanie_禾西,70914766
2664,2017,2,10,一点一点发现你好听的歌，这种感觉真的很棒,1,我要一颗大白菜,124307412
2665,2017,2,10,我今年高一 也想考同济[爱心],2,晴天_www,269436044
2666,2017,2,9,这张专辑一听就爱的一首,0,CHENYUDAN--,279712105
2667,2017,2,9,燕姿快发新专辑啊,0,是螺纹呀,59982102
2668,2017,2,8,想看燕姿的演唱会,1,Stellabingo,318846713
2669,2017,2,8,[爱心],0,强大的小明,287917064
2670,2017,2,7,一直非常喜欢孙燕姿,1,帐号已注销,406872388
2671,2017,2,6,个人感觉那是个情景，从台前璀璨过渡到安静孤单,3,GUinYJ,19394396
2672,2017,2,6,不要叹气不要叹气！诶 诶,0,良月m,408987537
2673,2017,2,5,这张专辑最喜欢这一首。,2,Mathilde_L,123202272
2674,2017,2,4,梁锦兴的词一直都很有味道。,0,8421BCD码,340078180
2675,2017,2,3,轻轻哼着你,0,viyyllo,266731307
2676,2017,2,1,在0:06的时候有人清嗓子 是我听错了吗[呆],0,掉了,121960957
2677,2017,2,1,非常喜欢这首歌,0,月斜枝头,269160610
2678,2017,1,30,看到这个评论感觉很温暖，第一次评论,3,水三千s,263512902
2679,2017,1,30,为什么一开始有鼓掌声？不是专辑中的吗？,1,MICCA_,39752491
2680,2017,1,30,我在路口，眺望着,0,王子面oO,249311860
2681,2017,1,29,你就不知道我有多喜欢你，说她陪我开黑还跟我聊天我还不知足。可是我喜欢的是你啊，对也是怪我怂，只恨跟你成为了朋友，这声喜欢已经说不出口。,0,不能烦烦烦,77844278
2682,2017,1,28,我喜欢的和我想逃离的息息相关🐳,3,鸡腿少年的梦,127669318
2683,2017,1,27,感谢有你[可爱],0,残留了疑惑,254963807
2684,2017,1,27,不止女孩儿喜欢，好多男的也喜欢,3,今生今世QGH,108805961
2685,2017,1,27,加油，我们总被打倒，但我们总能站起来[大笑],1,_Original_Sin,58331209
2686,2017,1,26,看样子最喜欢孙燕姿的女孩子不在少数[开心]+1,0,饮冰海,302684417
2687,2017,1,26,爱姿,1,姿意燕为,263726012
2688,2017,1,25,被一个很可爱的英语老师安利过来 他每次课间就放各种各样女歌手安静的中文歌 身为一个爱英文歌的觉得 这首哎哟不错噢,2,Luna茗,106996183
2689,2017,1,24,加油加油,0,蓝波大人么么哒,333792200
2690,2017,1,24,爱姿,1,姿意燕为,263726012
2691,2017,1,22,好听，喜欢🙌🙆🙋,0,喽久,124494817
2692,2017,1,21,打卡,0,Zinger77,275131578
2693,2017,1,21,你看着他 想着他 等着他.其实一直是自己不愿放手吧.直至一天你突然发现 原来那些感觉都没有了只是自己拼命想要一个结果. 放下了 卸下了 你就璀璨了 你也会被疼爱喜欢在别人的眼中发光啊.,3,奕屿,88328521
2694,2017,1,20,希望你是爱我而不是因为渴,2,看不见的黑眼睛,382853873
2695,2017,1,20,口腔天蓬肿了，渴[吐舌],0,暴走小喵喵喵,120619464
2696,2017,1,16,上次听坐在北京新东方里学托福，现在已经到美国上高中三年了,3,Tony吕,248687446
2697,2017,1,15,卸下了，就璀璨了,1,简抽,128094765
2698,2017,1,15,[亲亲],0,Real_Slim_Shady,41618531
2699,2017,1,14,当握紧的手松了 伤愈合,1,是我在深海,117088530
2700,2017,1,13,静茹的丝路是我认为她的所有歌里面最有味道的一首歌，MV也是满满的感动！渴听了之后也是满满的感动,0,曼城雨季,109528571
2701,2017,1,13,哈哈哈哈哈是的[幽灵][幽灵][幽灵][18],0,VincentQsdory,29693184
2702,2017,1,13,走错路！！,0,pinklilico,65043292
2703,2017,1,13,代入感太强了。。。仿佛又回到那个时候，仿佛还在苦恋[流泪]，相信伤愈合 璀璨了,0,仍然在治愈,89984189
2704,2017,1,12,哇同济学妹来赞,2,缬湮,36386055
2705,2017,1,11,爱姿,1,姿意燕为,263726012
2706,2017,1,11,爱姿,1,姿意燕为,263726012
2707,2017,1,11,南柯一梦吧。,2,是我在深海,117088530
2708,2017,1,11,我不是乔可南，我也没有陆洐之。但我会努力的。,0,VincentQsdory,29693184
2709,2017,1,10,边听歌边写年终总结…,2,活不明白2010,62273087
2710,2017,1,10,士心，夜晚，听燕姿[可爱],2,姿伦五崎布光轩涵weir,375895458
2711,2017,1,9,穿越生命的沼泽，会遇见你的,4,文立安,329817794
2712,2017,1,9,感觉孙燕姿的声音变娘了😂,2,MsWang猫猫,295666906
2713,2017,1,9,会遇见你的,2,帐号已注销,366934858
2714,2017,1,9,会遇见你的。会遇见你的。,0,帐号已注销,366934858
2715,2017,1,9,每次复习都听孙姐姐的歌，到现在还没有挂科，希望这次也是依旧，明天考试加油[拜],6,Han953,91816710
2716,2017,1,8,然后我们在监狱中一起合唱，放声高歌！,2,魏来不远,373078066
2717,2017,1,8,晓松了 晓松了[大笑],2,Doitsolo,280511512
2718,2017,1,8,[憨笑]燕姿,0,万青何,137267398
2719,2017,1,7,听孙燕姿的每一首歌好像都能回到高中时代的下午，回到那些活动课，又美丽又忧伤,1,眼前人是心上人是是是,395651064
2720,2017,1,7,还没毕业的时候最喜欢了 书的最后一页写着最喜欢的两句歌词 今天又翻开书发现了,0,初一至七,248904143
2721,2017,1,6,同，00后,2,做人要仁义-fin啊,372848294
2722,2017,1,6,厉害了，保佑我考试像你一样,2,做人要仁义-fin啊,372848294
2723,2017,1,6,隔很久再听依旧泛鸡皮疙瘩,2,-编号233,60892120
2724,2017,1,5,我是冬至。！！！[奸笑][奸笑][奸笑],1,YZ芣苢,330392808
2725,2017,1,5,一首歌要听多久才能厌倦，一个人要爱多久才能放手,2,段三秋,353684216
2726,2017,1,5,爱姿,0,姿意燕为,263726012
2727,2017,1,5,爱姿,1,姿意燕为,263726012
2728,2017,1,4,绝逼你就是l林夏至,1,艾丝凡时代,87483381
2729,2017,1,4,还计算什么,0,雷炒饭,46373093
2730,2017,1,4,好。,0,多少奋斗凝聚,343586706
2731,2017,1,4,……,0,忘不掉的明天r,101795664
2732,2017,1,3,是基友。😂,1,YZ芣苢,330392808
2733,2017,1,3,贴吧里的林夏至是你谁?,1,艾丝凡时代,87483381
2734,2017,1,3,我喜欢孙燕姿[害羞],2,小小小迪迪迪,392804825
2735,2017,1,3,爱姿,2,姿意燕为,263726012
2736,2017,1,2,额,3,行么x,292380791
2737,2017,1,2,燕姿早安,1,YZ芣苢,330392808
2738,2017,1,1,曾经喜欢的人最喜欢的歌，而我现在已经不喜欢他了，却喜欢上了这首歌,4,文刀君呀,11919567
2739,2016,12,31,这张专辑的歌不是听一次就马上记住旋律的口水歌，耐听！,1,巴布亚2,129628572
2740,2016,12,31,时隔3年回听这首歌，青春年少,2,52赫兹的呐喊,128943237
2741,2016,12,30,在希望中希望中，才懂爱情的渴,1,枫枫枫枫枫枫WF,257129824
2742,2016,12,30,伴我度过高考那段黑暗的岁月，燕姿的歌总是鼓励向上很棒，喜欢她喜欢她这张专辑里的这首歌。可惜网易没有180度[这边],3,MJPMJP-,387823483
2743,2016,12,29,大一了 回来听 满是回忆 也充满动力[爱心],2,ttttetete,90067897
2744,2016,12,28,我试试,0,少年维特儿烦恼,126032694
2745,2016,12,27,我一个90年的，燕姿的歌以前几乎没怎么听过，现在统统都翻出来听一遍,1,飞翔的梦想成真,46715965
2746,2016,12,26,越听越有共鸣，给人一种深深的孤独感，但又给人一种倔强,3,消逝在地平线,268133866
2747,2016,12,26,燕姿要寻求真爱了[大哭],0,Michelle809,328307504
2748,2016,12,25,"当握紧的手松了

伤愈合[流泪]",2,姿式漩涡,360339310
2749,2016,12,23,要鼓励[可爱],0,Ewiin,62829634
2750,2016,12,20,又发现一首好听的歌,1,孑孓然丿,348093938
2751,2016,12,20,爱姿,2,姿意燕为,263726012
2752,2016,12,20,当初被这首歌吸引就是最后的合声“手松了，伤愈合，卸下了，就璀璨了”,9,Charlie是只猫,379227768
2753,2016,12,20,语文英语还在担心考不了100也算优势学科吗,1,i柚子树,133227333
2754,2016,12,19,其实每张都走心[大哭],6,Taylor-Dove,97964207
2755,2016,12,19,这张专辑更趋向于走心,1,Taylor-Dove,97964207
2756,2016,12,19,刚出的时候分享给别人，现在只留自己听。,5,于帅楠,250764305
2757,2016,12,18,一直很喜欢燕姿，她的歌陪我度过了很多时候，开心，失意，纠结，郁闷，怀念～听她的歌，坏情绪全都走开的感觉[憨笑]也很怀念一群逗比在ktv，在操场，在教室一起唱燕姿歌的感觉[亲亲],5,慕初呐,363736677
2758,2016,12,16,努力成为更好的自己，在靠近你的时候正好我也不差,6,我差不多是一只废羊了,346406156
2759,2016,12,16,它对我有特别的意义。,4,猫偶尔微笑,253589493
2760,2016,12,14,是的 没错,1,日以煜乎昼R,99399302
2761,2016,12,14,[憨笑]恩,1,e号淡水,273094511
2762,2016,12,14,加油啊，同城哦[呲牙][呲牙]祝你考上好大学,2,千刀切,124267746
2763,2016,12,13,开头就收藏藏了,0,新鲜也爱过西伯利亚的雪景,252798603
2764,2016,12,13,第一次听这首歌是和最喜欢这首歌的一个人也是我喜欢的人一起听的，此时此刻我只想说我好喜欢你啊...,0,Liebesong,61650269
2765,2016,12,13,可以听啊,0,西瓜eight,324811652
2766,2016,12,13,起风了,0,SamsaraVIP,3475128
2767,2016,12,12,[大笑],0,帐号已注销,277396579
2768,2016,12,12,当年出新专的时候喜欢上的第一首歌 今天听又是不一样的感觉了 什么时候能真的手收了 伤愈合 卸下了 就能璀璨了吧:),0,桉玦,94343187
2769,2016,12,11,听着歌，想着你,1,李生12,136393551
2770,2016,12,11,我听着 一下午单曲循环着 窗外天空下起的雨 眺望着 起风了 雾来了 想你了 闭上眼睛缓慢着 过往的 执着的 纯真的 爱过的 不知不觉时间缓慢的流动着 你是我曾经的 最美的 相爱过 那就走着 走着 你去哪了 还好吗 还会遇见你吗 是否也会和我一样 因为一首歌想念着 回味着 怀念这美好的 手松了 你走了 ,2,Mr-Zhang-Li,289227345
2771,2016,12,11,不知道你玩不玩网易云也不知道你能不能认出我。。 只知道你在听这首歌,2,国服第一大乔,58700035
2772,2016,12,10,"haa ,但是基本不玩",0,opopopopO_o,71005319
2773,2016,12,9,加油！,0,YZKEPLER,42348015
2774,2016,12,9,考试又没过600，语文和英语从优势科目变成现在一塌糊涂，英语竞赛也没上去，我不怕，但真的不想让自己离理想的状态越来越远[皱眉]立个flag，总分过600，校名次进前十，语文英语过100[皱眉],4,e号淡水,273094511
2775,2016,12,9,在图书馆听到的,0,让我先把秋裤塞进袜子,266737216
2776,2016,12,8,微博ovo,0,opopopopO_o,71005319
2777,2016,12,8,初一时不欣赏燕姿的歌，现在高一也不晚。,0,SunYanZl,305572811
2778,2016,12,8,和她4年朋友 我把她骄傲 但也我承认自己的私心 如今放下私心 认真对她 她却越来越远 马泽园 我知道你看不到 但是 如果以后我没有机会陪你走 愿你 早安 午安 晚安,4,Teresa9608,267708764
2779,2016,12,7,哦 我比你早一年,1,像老田一样努力啊,40642415
2780,2016,12,6,缘分找到了,0,十三楼的guang,269466533
2781,2016,12,6,我是15高考的,0,一隻柚啊,287704908
2782,2016,12,6,你是哪一年？,0,像老田一样努力啊,40642415
2783,2016,12,4,[爱心]高中喜欢抄歌词，燕姿的歌少说抄了30首[呲牙],1,一只小爷爷,332937582
2784,2016,12,4,大一了,0,拿着扫帚的扫地工,295366562
2785,2016,12,4,93年表示很喜欢,0,呆呆zsy,266378519
2786,2016,12,3,学霸的评论就是不一样[呆],0,e号淡水,273094511
2787,2016,12,2,"听了好久还是感觉不错

",0,托特纳姆的鸡蛋饼,283730858
2788,2016,12,2,真的太爱这首了[爱心],0,KucciPei-,303055132
2789,2016,12,2,@多肉咩 ,0,袁赤赤赤赤,118098436
2790,2016,12,1,爱姿是种病[可爱],2,Jennyball,42659581
2791,2016,12,1,当黑夜清醒过白昼,1,梦的可能-,110935536
2792,2016,12,1,离歌且莫翻新阕，一曲能教肠寸结。,3,闻若萱的脑残粉,66818212
2793,2016,11,30,爱姿,1,姿意燕为,263726012
2794,2016,11,30,渴,0,孤单---个人的狂欢,263901035
2795,2016,11,30,LA时间01:52， 听着歌在赶明天要交的剧本due。为自己加油！,4,贝克街的小卷卷,108941412
2796,2016,11,29,[流泪][流泪]我也是,0,一隻柚啊,287704908
2797,2016,11,28,以为是你，所以有我们。,0,跳舞的反骨,33249451
2798,2016,11,27,嗯 老大 一辈子都不脱粉,2,日与灯如昼,105716873
2799,2016,11,27,好歌需要被发现,1,一绪念思MissR,286446161
2800,2016,11,27,到后面听到鸭子叫……,0,萝卜胡须,115991530
2801,2016,11,26,永远支持你-孙燕姿,1,孤单---个人的狂欢,263901035
2802,2016,11,26,[爱心][爱心][爱心][爱心],0,成小姿S,84991554
2803,2016,11,26,于,1,你并非许志行,127399261
2804,2016,11,26,最后那一段，总是来回拉着听,0,it-s分开旅行,67033918
2805,2016,11,25,96[可爱],2,祸害huihui,73494358
2806,2016,11,24,厉害了word姐[可爱],1,MR闯,248879304
2807,2016,11,24,感觉第一声就爱上了,1,7只山羊,261642619
2808,2016,11,23,这种只专心做音乐，从来不炒绯闻，只用作品说话的歌手，值得一辈子去爱！,489,梅宝Mabe1,62291787
2809,2016,11,23,起风了,0,_停电,287284781
2810,2016,11,22,又勾起了高考前一些不太舒服的回忆，关于她的一些回忆[哀伤],1,丶RiCardO丶,267292349
2811,2016,11,22,这是一只名狗[奸笑],0,负人君子Boy,33457290
2812,2016,11,21,"冷门金曲
",2,看星星灰,109436232
2813,2016,11,21,其实算算喜欢燕姿从小学四年级 现在已经大学毕业半年啦 哈哈,0,JustEmmy,264205314
2814,2016,11,20,是有多新的姿迷[大哭],0,说放弃要放哪里,9683208
2815,2016,11,19,有95后吗,6,银鱼攻击,252779695
2816,2016,11,19,"回听感受已经不同了",0,抹茶蘸醋,51409339
2817,2016,11,19,这首歌好听啊！身为姿迷居然没听过！,0,JustEmmy,264205314
2818,2016,11,18,[大哭]一边啃早饭一边听歌，辣到不行，水太热，渴！渴！渴！,0,月冷冷,108216490
2819,2016,11,18,手松了，伤愈合  卸下了，就璀璨了很喜欢这剧歌词,0,俠4walls,314112763
2820,2016,11,17,多喝水。。。,0,阿里巴巴集团总裁马化滕,254748443
2821,2016,11,17,其实我认为听歌有很大一部分是在听自己的故事和情绪 所以应该看你自己怎么理解咯~ 这一句的渴和另一句的渴是不一样的意思,2,-離舞-,92266727
2822,2016,11,17,k,0,Iyslin,119047584
2823,2016,11,17,哈哈 我现在也在bobst,0,Paul320k,41017515
2824,2016,11,17,听了孙燕姿的前二十首热门歌曲，还是觉得这首歌最好听。。。,0,枫windy,56683143
2825,2016,11,17,@晴天宝宝QvQ 啊 这个我昨天回去路上听到的,1,帐号已注销,101490505
2826,2016,11,16,因为喜欢你 所以你喜欢的歌我都会听🐾,1,itsyourhalfmoon,312889938
2827,2016,11,16,2014❤️ 也是这张专辑的年份❤️爱孙燕姿,1,xupert,106688641
2828,2016,11,16,有多少gay粉，自行点赞[大笑],6,Mr你要相信没有到不了的明天,323647955
2829,2016,11,16,说像丝路的  请你认真听听两首歌[生病],0,无印良痞,33890876
2830,2016,11,15,同大二  很辛苦[心碎],2,NTUfail,71924954
2831,2016,11,14,我是2009个。❤️,0,ssslays,361833684
2832,2016,11,14,我来做第2008个评论的[呲牙],0,爱如海大大爱如海,297933111
2833,2016,11,14,在孤独中孤独着，才懂安静的渴。哪位朋友能解释一下这句的含义？？？？,0,醉灬葬哑,77618013
2834,2016,11,14,不论经历过什么，孙燕姿的声音总是能平复一切,0,568073193,98052425
2835,2016,11,14,就喜欢最后☺️,0,迷人阿维,119914105
2836,2016,11,14,确实像丝路🙊这个风格还不错哈☺️,0,迷人阿维,119914105
2837,2016,11,14,前面的掌声，让我以为在听live,3,鹿浥尘,106072500
2838,2016,11,13,现在的我是高一 真希望以后听这首歌的时候是我在心怡大学里头的时候[大笑],3,三水吉良,137109707
2839,2016,11,13,原来是这首呀[星星]上周逛超市听到了~,0,帐号已注销,91649263
2840,2016,11,12,燕姿 艳姿,0,可以听歌不可以玩网易云,311485910
2841,2016,11,12,多年追逐的歌[爱心],0,喂WEIM,110982914
2842,2016,11,12,"学霸
",0,苏宁乐,353015239
2843,2016,11,11,我会考上的[发怒][发怒][发怒][发怒],2,知更YISA,84933293
2844,2016,11,11,高三听的这首歌 现在在sf也在听,0,finalbabee,119282248
2845,2016,11,10,第一句出来就很燕姿 也只有燕姿才可以,0,IITTII,18608095
2846,2016,11,10,爱姿,0,姿意燕为,263726012
2847,2016,11,10,我第一次是小学四年级，现在大三。我的更快……[流泪],0,海沙杳,86039302
2848,2016,11,10,在追逐中追逐着才懂漫步的渴,1,帐号已注销,124859943
2849,2016,11,9,第一次听是六年级入坑。今年初三。时间真快,1,顾许诺呀,322742485
2850,2016,11,9,[强],0,滴___老年卡,287911897
2851,2016,11,9,南京,1,像老田一样努力啊,40642415
2852,2016,11,9,南昌航空还是南京航空,0,滴___老年卡,287911897
2853,2016,11,9,听着很舒服的一首歌,0,迷人阿维,119914105
2854,2016,11,9,是真的挺像丝路的,0,迷人阿维,119914105
2855,2016,11,9,我女朋友过一阵子也要去美国了，想她,0,我是小新呀丶,46251030
2856,2016,11,8,可能我永遠放不下那些東西吧 所以每聽必掉淚 心裡那些情緒是什麼呢？梗在喉頭咽不下吐不出 ……不知道那些真的學會放下（不管是什麼）的人 聽了這首歌 會覺得被微風輕拂而一笑置之嗎？,0,-離舞-,92266727
2857,2016,11,7,把过分的情绪置于阳光下蒸发，把计较的影子铺于未来里追逐。未曾干涸的爱会在孤独的路上止我安静的渴，陪我静候总能遇见的岁月回响、总能听得的燕姿佳音。,3,孽愆愆,3068164
2858,2016,11,7,年华过往，忘了璀璨，送走繁华，静等风来。,1,鬼叔_,98629460
2859,2016,11,7,所以？,0,王子面oO,249311860
2860,2016,11,7,啊,0,王子面oO,249311860
2861,2016,11,7,讽刺,0,王子面oO,249311860
2862,2016,11,7,上次无线循环还是高二，现在我都大二了[口罩]回不去的14年,1,爱燕姿的猥琐共,99190907
2863,2016,11,6,爱姿,0,姿意燕为,263726012
2864,2016,11,6,真好听,0,单嘴嘴嘴,92861110
2865,2016,11,5,我怎么在前奏听见了一个男人的咳嗽……,1,昨夜星辰ccc,250820809
2866,2016,11,4,钢琴迷人..,0,帐号已注销,32360286
2867,2016,11,4,同济学弟前来膜拜,1,零零贰叁叁,39110066
2868,2016,11,3,我觉得这张专里最好听的歌。,0,闻同学别折腾啦,349900826
2869,2016,11,3,很舒服，听完心情放松好多,0,帐号已注销,124859943
2870,2016,11,3,饿,0,Padpadpadpa,47259467
2871,2016,11,2,学长好厉害[可爱],0,他他他TM魔图,31478737
2872,2016,11,2,南航[可爱],0,像老田一样努力啊,40642415
2873,2016,11,2,同城啊 最后去了哪里,1,他他他TM魔图,31478737
2874,2016,11,1,😉😘,0,有时候孤独也是一种美丽啊,285379188
2875,2016,11,1,滴滴*^_^*,0,有时候孤独也是一种美丽啊,285379188
2876,2016,10,31,逆光那年大一，专门跑到网吧去听,0,冰心和阿炳,40996471
2877,2016,10,31,爱姿,0,姿意燕为,263726012
2878,2016,10,31,好听,0,坐火车去传说中的湘南海岸,266933436
2879,2016,10,31,😶,0,慢六拍的怪胎飘,15778824
2880,2016,10,30,享受,0,可可西里云大朵,256103155
2881,2016,10,30,爱姿,1,姿意燕为,263726012
2882,2016,10,30,前奏讓我明白什麼叫“掌聲如潮”,0,E-V-Z,86643853
2883,2016,10,30,超喜欢前奏,0,AwesomeTony4,132514072
2884,2016,10,29,有点陈粒 走马 的感觉,0,慕歌家世,120581191
2885,2016,10,29,喜曲  爱词 尤衷我姿,3,hio哦,301919762
2886,2016,10,29,每次听这首歌，才会透彻地明白一切都是最好的安排，细致地体会生活里点点滴滴的幸福，“当握紧的手松了，伤愈合”其实松手也并没有想像中那么痛，“爱何曾干涸”爱的旅途比结局更美妙更重要不是么，我们都将会璀璨在未来的人生里,3,神烦地取昵称,324832062
2887,2016,10,29,很舒服的，最爱听孙燕姿的歌，歌声很特别,3,小林果果,353533799
2888,2016,10,28,我很想你,0,神奇废物,97103151
2889,2016,10,28,我带着对你的想念 去了很多地方 下雨的山城 闭馆前的海洋馆 看一条江 看一片海 在追逐着追逐着 看你终还是离我远了 在孤独中孤独着 明白这下我只有自己走了,3,CestClaire,264967726
2890,2016,10,28,毕竟小学生,0,新垣結衣的衣,113558510
2891,2016,10,28,那你听的蛮晚的,0,Sunflower_1994,314661601
2892,2016,10,27,谁能告诉我最开始18秒的前奏是什么意思,1,不想长大1226,328772116
2893,2016,10,27,又发现一首燕姿好听的歌,1,____等,56744788
2894,2016,10,27,学姐你好啊~,0,Mesmerism,107292409
2895,2016,10,27,去年在日本东京下雪撑伞漫步，今年在寝室混吃等死,1,Bombasti丶天,307734500
2896,2016,10,26,前几天第一次听就被洗脑了_(:з」∠)_,0,死于深海的鱼,102561106
2897,2016,10,26,你在身边的时候从来没有想过你的好，你离开后每天想你道睡不着，你造吗？,0,suoermin,79490605
2898,2016,10,24,爱姿,0,姿意燕为,263726012
2899,2016,10,24,有没有跟我一样喜欢燕姿又喜欢纯音乐的,2,欧文鲁克,68122400
2900,2016,10,24,爱姿,0,姿意燕为,263726012
2901,2016,10,23,曾经用这首歌写自己的情感，结果没人看懂过...,0,-克卜勒--,248628012
2902,2016,10,23,听得第一首燕姿的歌,0,新垣結衣的衣,113558510
2903,2016,10,23,是的,0,日以煜乎昼R,99399302
2904,2016,10,23,除了春天爱情和樱花？,2,Guesswho_sback,264879497
2905,2016,10,23,团建刷夜总是剩下我们几个，后半夜总是可以为所欲为，不会唱也要唱，想这首歌调调一样酷。,0,一只小甜猪,251862306
2906,2016,10,22,网易云音乐，带你发现好音乐🎵[亲亲],1,丶灵魂画手,255728902
2907,2016,10,22,开头同一个音吧[奸笑]《Mobile Orchestra》——Owl City,0,Syrodam,63701046
2908,2016,10,20,爱姿,0,姿意燕为,263726012
2909,2016,10,18,穿越生命的沼泽，会遇见你的(Ｔ＿Ｔ),0,仰望星空de苹果,259146152
2910,2016,10,18,以前单曲循环过，但当时只是喜欢这首歌的旋律和节奏，但今天却听哭了,1,仰望星空de苹果,259146152
2911,2016,10,16,当握紧的手松了 才懂安静的渴只有等你不在了 才懂得最好的还是你,0,做不二臣i,314123913
2912,2016,10,16,"当握紧的手松了

伤愈合

在孤独中孤独着

才懂安静的渴",1,绮怀安安,69739321
2913,2016,10,16,[跳舞],0,芬兰的孤岛鲸,115963271
2914,2016,10,15,流弊惨了,0,下辈子做只酷酷的喵,296121291
2915,2016,10,15,你的孤独，虽败犹荣。,0,思君若汶水-浩荡寄南征,329324435
2916,2016,10,15,用孤独感来治愈孤独感。,0,一位不愿透漏姓氏的陈小姐,100454692
2917,2016,10,14,感谢你的到来  是我没珍惜  你离开  才发现晚了 晚了 是我的错,0,7777777777狼,322693420
2918,2016,10,14,在追逐中追逐着,0,大梦一场的树木,125818387
2919,2016,10,14,[亲],0,有时候孤独也是一种美丽啊,285379188
2920,2016,10,13,"天空一片灰灰的，有多寂寞呢
",1,yougulantt,115618499
2921,2016,10,12,老田的<独善其身>副歌旋律跟这首有点像,0,山野starwang,327472142
2922,2016,10,12,第6秒有人在咳嗽[呆],5,为啥所有昵称都被占用了,311568379
2923,2016,10,12,等你的演唱会。,1,望树人儿,63547330
2924,2016,10,12,会遇见你的 我相信迟早的事,2,砍下我的手讓你帶走紀念,115891489
2925,2016,10,11,很快就要艺考了  这条路真的很不容易听到这歌的时候感触很多 在追逐中追逐着 在孤独中孤独着[爱心],3,Yimija,337744754
2926,2016,10,11,金的声音有点像男的…,0,沧海深呼吸-,313024323
2927,2016,10,10,[大笑],0,大浪淘沙子,103476554
2928,2016,10,10,[可爱],1,不是高冷阿,113375239
2929,2016,10,9,[亲亲],1,王子面oO,249311860
2930,2016,10,9,最好的燕姿,1,王子面oO,249311860
2931,2016,10,9,最好的我,1,王子面oO,249311860
2932,2016,10,9,还有纽曼mp3,1,霸啵儿奔啵儿霸,126672423
2933,2016,10,9,喝,1,2015218,41917614
2934,2016,10,9,2016年下半年第一场雪，我独自一人从城市驱车赶往郊区的单位，一路上我一直单曲循环这首歌，孤独感，因为在这座城市，没有家-“爱”,3,Devil_never-cry,46763623
2935,2016,10,7,"时间的沙像首歌 有多少曲折
一路走来人都是慢慢成长",1,时光小偷拿走眼泪,135124975
2936,2016,10,7,敖每一次听到都会泪目啊[钟情],1,清漪的酒,75625400
2937,2016,10,6,因一个人的推荐这首歌听了很多遍，之后还是选择云淡风轻地遗忘。彼此开始新的生活，相忘于江湖以足矣,1,窗格外的夏天,277471106
2938,2016,10,5,我发现有文化的人挺多呀，像我这种小学毕业的，是不是也要璀璨,0,韩微九歌,335340727
2939,2016,10,5,厉害,0,避风港and避风港,289736552
2940,2016,10,4,[亲亲],1,火山鱼干,95359433
2941,2016,10,4,抚平了～,2,Deaconx,31209604
2942,2016,10,3,[憨笑],0,KIwioooooo,321488486
2943,2016,10,2,同感 ,3,邵小孩同学,112518631
2944,2016,10,2,孙燕姿,1,邵小孩同学,112518631
2945,2016,10,2,孙燕姿的歌是我整个青春[哀伤],4,玖九玖九,320356645
2946,2016,10,1,非常喜欢,1,Soulbirds_,331574692
2947,2016,10,1,sonymp3,1,新垣結衣的衣,113558510
2948,2016,10,1,[憨笑],1,時間也不是萬能的,91483660
2949,2016,10,1,这首歌陪着我度过了初三难熬又难眠的夜晚。[拜],2,你的ww__,114490020
2950,2016,9,30,好歌 从不缺乏欣赏者,2,Lyricheesef,252757714
2951,2016,9,29,我的姿。,1,XZ_杪澈,265018110
2952,2016,9,27,沙粒落下的声音 像掌声(^-^),2,很多时候都是我问太多了,131668969
2953,2016,9,27,听歌的我们活在一个尴尬的年代.......,4,残留了疑惑,254963807
2954,2016,9,26,"在校广播里听过
",1,诺坎普拉玛西亚,83009512
2955,2016,9,25,爱姿,1,姿意燕为,263726012
2956,2016,9,25,从刚开始500+评论看到现在1800+,1,欧文鲁克,68122400
2957,2016,9,25,真的是越来越有味道,2,逆光FACE,88730935
2958,2016,9,25,我爱的是你，现在的你,1,过往云烟视而不见,305289320
2959,2016,9,25,这个星期都是单曲循环这首了,2,回回苏123,278193880
2960,2016,9,25,晚安,0,Lau93,264958352
2961,2016,9,24,[生病],0,王子面oO,249311860
2962,2016,9,24,伤愈合,0,王子面oO,249311860
2963,2016,9,24,手松了,0,王子面oO,249311860
2964,2016,9,24,好好听[流泪],0,Terrylawrence,118701140
2965,2016,9,24,渴  为什么是渴,0,江南小琳儿,270275767
2966,2016,9,24,燕姿的歌越来越成熟，歌词比以前好太多,2,忘不掉的明天r,101795664
2967,2016,9,24,慢听出的好,0,danny-ling,280361295
2968,2016,9,23,看着别人成功的例子 会被一时激励 可始终会输给自己 输给平凡中每天的琐事 在一点点消磨着我的意志 ,2,__________欧文君,947681
2969,2016,9,23,不得了，女神唱啥都是神曲,1,诺坎普拉玛西亚,83009512
2970,2016,9,22,会遇见你的,1,tumioe,121130177
2971,2016,9,22,失眠了，就是突然想听燕姿,1,是小27吖,106458515
2972,2016,9,21,爱姿,1,姿意燕为,263726012
2973,2016,9,20,手松了，伤愈合,2,黑的不好啊,334467473
2974,2016,9,20,两年多不敢听燕姿 今天重新打开歌单 心情很不一样了,1,耳朵上面长土豆,41748647
2975,2016,9,20,"我不知道怎么描述网易云，但总让我感觉这里有一群有故事的人
[嘴唇]",3,觅半生,284854850
2976,2016,9,20,我不追星，我爱孙燕姿，很爱很爱很爱，爱了很多年💙,454,彤啊彤的凝视,59627916
2977,2016,9,20,爱姿,0,姿意燕为,263726012
2978,2016,9,19,晚安,0,我是十三姨啊,129040431
2979,2016,9,19,前奏一点也不好听，我只是来回重复了几十遍而已,0,帐号已注销,254414255
2980,2016,9,18,在追逐中追逐,1,所爱隔山海ttt,263524615
2981,2016,9,18,会遇见你的。,2,不裸奔的鱼,9893144
2982,2016,9,16,好听,2,精神休息所,287095730
2983,2016,9,16,好听呢,1,清潇潇雨歇,304597279
2984,2016,9,16,怀念过去的时光 还是想起某些人  时间过得贼快的  一不注意  我们老了[猪],0,Solei12,78470489
2985,2016,9,16,我第一次听是在《音乐三两事》里面，那一期是“26岁的三个问题”伴随着白尔的声音，这首歌真的直接触动了我。,0,白夜行路人,130196104
2986,2016,9,15,厉害！,0,黎白南_Katniss,115611839
2987,2016,9,15,有家有钱有钱,0,零分同学,261436303
2988,2016,9,13,我现在已经有点适应了[可爱],0,少点天分丶,67091201
2989,2016,9,13,想这么多不累吗？我累了。,0,最最钟意牠,246951360
2990,2016,9,13,尾音~真酥,1,最最钟意牠,246951360
2991,2016,9,13,好听,2,向着胡萝卜前进,331281882
2992,2016,9,13,喜欢[亲亲],1,帐号已注销,254060417
2993,2016,9,12,渴,1,再见_1999,325395210
2994,2016,9,12,不好意思 才喜欢你了四年 从初三到大一 以后也会一直支持你 谢谢一路上有你的歌声陪伴[憨笑],3,暴躁淑女周同学,54846288
2995,2016,9,12,爱姿,0,姿意燕为,263726012
2996,2016,9,11,渴渴望渴望去渴望去北师大,1,Quorra心轩,308555200
2997,2016,9,11,刚好在算这个月还剩下多少生活费，猛然听见这首歌：“还记算什么～”,4,陈三秋,51995010
2998,2016,9,11,最爱的,0,神经七八M,321636583
2999,2016,9,10,我听着时间的沙像首歌，起风了天空一片灰灰的.这两句旋律好熟悉！求大神解答！！急！！！,2,染-Arr,311523064
3000,2016,9,10,好,0,账号已经注销啦,247725637
3001,2016,9,10,同意,1,酷可本人,274981801
3002,2016,9,10,会遇见你的,1,暴走萝莉厄加特,294396214
3003,2016,9,10,昨晚有人唱克卜勒，才想起去年最爱唱这首歌的我，这张专辑中最爱这首。mv也是,3,马克图布a,113619112
3004,2016,9,8,谢谢,0,少点天分丶,67091201
3005,2016,9,8,不要想多了,0,kindyyummiy,132954913
3006,2016,9,8,人啊，就是喜欢互相伤害,1,帐号已注销,99902158
3007,2016,9,7,开头有林俊杰的与自己对话那张序曲的既视感，，,1,明日叙景,70136165
3008,2016,9,7,会遇见的,1,With_Summer,95992144
3009,2016,9,6,mv好美,0,Nb小群,122207804
3010,2016,9,6,逆光那年我高中毕业，我是不是该入土了[汗],3,十字街头29,84520410
3011,2016,9,6,感谢燕姿,1,肆虐的肆,266668733
3012,2016,9,6,无论何时，一听到就安静下来了。伤愈合，璀璨了。,0,Seigol,30735380
3013,2016,9,6,嗯,1,像老田一样努力啊,40642415
3014,2016,9,5,这首歌无论是曲调还是歌词都太有味道了[惊恐][惊恐],1,王子面oO,249311860
3015,2016,9,5,有多少曲折,0,王子面oO,249311860
3016,2016,9,5,我听着时间的沙像首歌,0,王子面oO,249311860
3017,2016,9,5,你是14年高考吗，我是15年高考的,0,姿意燕为,263726012
3018,2016,9,5,爱姿,0,姿意燕为,263726012
3019,2016,9,5,燕姿赛高!~,1,囧冰红茶囧,50865242
3020,2016,9,5,她的歌总是另一层境界？,0,米饭哥,103993566
3021,2016,9,5,生活都不会如你所愿。只能改变自己做的更好,0,非凡温华,41630228
3022,2016,9,5,"多谢
",0,少点天分丶,67091201
3023,2016,9,5,完事开头不适应，过段时间就好了,0,月月不息,56594026
3024,2016,9,4,在孤独中孤独着[哀伤],0,楠橙北栀啊啊啊啊,47270170
3025,2016,9,4,我点到这首歌的时候刚好在喝水,1,帐号已注销,50448794
3026,2016,9,4,爱不曾干涸。。。。放不下就是放不下,1,爱上动心,272307676
3027,2016,9,4,[星星],0,你笑起来好美丽yu,307868820
3028,2016,9,2,学霸,0,尛丶昊,90557250
3029,2016,9,2,漫步的渴 慢慢的懂了,1,都叫我Carry,126766488
3030,2016,9,1,希望我追逐的也早点璀璨,0,H阿尔D,247790917
3031,2016,8,31,第一天上班，却感觉到前所未有的孤独感。干的并不是自己喜爱的工作。想念学校，想念朋友。好想哭，却没有泪水,3,少点天分丶,67091201
3032,2016,8,31,一定能过的,0,雅痞vp,290810702
3033,2016,8,30,她的歌很舒心[可爱],2,_sxr,269505211
3034,2016,8,30,很累，听燕姿的歌休息下，就要考雅思了，祈祷能过,2,星禾swag,268608753
3035,2016,8,30,我以为评论特别多 hhh,0,Defsoul_0106,103424791
3036,2016,8,29,我太低？,0,冰山邮轮_,117161847
3037,2016,8,28,饥♂渴,0,等Avril演唱会,266085343
3038,2016,8,27,好听，好看，但没我头像好看[憨笑],0,用户323919943,323919943
3039,2016,8,27,挺不喜欢前面那一段的，但是，一张口，又单曲循环,1,溺水小飞刀,75294446
3040,2016,8,26,第一次听这首歌是高三在网吧玩游戏，现在工地上搬砖，璀璨了或摧残了。,7,江湖夜雨十年灯泡,322975562
3041,2016,8,26,我是第666个给你点赞的[呲牙],0,噫嘻哼哈嘿吼,43098460
3042,2016,8,26,初次听这张专时最爱的一支歌[大笑],0,逆時針yalta,289059122
3043,2016,8,26,好像在哪见过你[大哭],0,一闪闪闪亮晶晶,116356288
3044,2016,8,25,璀璨了,1,絮婆子,99041575
3045,2016,8,25,🌂🌂🌂,2,我是十三姨啊,129040431
3046,2016,8,25,第一次她给我推荐孙燕姿的遇见，之后每次听燕姿的歌，都能想起她，安静的让人舒服的女生，愿时光待你温柔如初。我怀念的，是无话不说，我怀念的，是一起做梦。,1,所有的无关痛痒的,288728982
3047,2016,8,25,前奏很有feel,2,Hubbert--许伟涛,122632809
3048,2016,8,25,用什么身份告诉你，这里下雨了，一夜淅淅沥沥，你说过你最喜欢的,2,溺水小飞刀,75294446
3049,2016,8,25,穿越生命的沼泽，会遇见你的。,1,不裸奔的鱼,9893144
3050,2016,8,24,好好好 到时见,3,渐无书-何处问,70257227
3051,2016,8,24,第一次听的时候，觉得这个前奏什么鬼[大哭]，然后在第二遍的时候就觉得顺耳，之后几遍就不能自拔了……于是循环了~[大笑],2,Aliliaaaaax,69338367
3052,2016,8,24,璀璨了,0,你是胖不过LEO的,52460924
3053,2016,8,24,@上课下课放学放假都听听歌吧 轻轻哼着,1,沉迷于学习之中无法自拔,283586166
3054,2016,8,24,手松了 伤愈合 卸下了 就璀璨了,0,Norwegian_Wood_,125573800
3055,2016,8,24,温柔[爱心],0,Norwegian_Wood_,125573800
3056,2016,8,24,每次打开网易都会想你，觉得每天我都非常粘你，如果你讨厌了，告诉我。每首歌都对你有不同的思念。SY,2,等風來steady,248672907
3057,2016,8,24,真是越听越好听着迷,0,你像四月的风,124684563
3058,2016,8,24,起风了 天空一片灰灰的 有多寂寞呢,1,europe_crazier,123902455
3059,2016,8,23,好好听哦，原来金岐玟的声音和孙燕姿的声音有点像☺☺,0,incredible哎,312293216
3060,2016,8,23,好听，爱燕姿[强][爱心][亲亲],0,春天之恋,258758924
3061,2016,8,23,难过到胃疼,0,阿瑶_echo,67640567
3062,2016,8,23,嗯啊,0,看破不说破-,127303997
3063,2016,8,23,听完就去学校了，希望有个好状态,3,酷的young,318615652
3064,2016,8,23,前奏控！！！前奏超好听,1,九降风啊,272054096
3065,2016,8,23,卧槽，女神简直励志！,1,望月追光,37276428
3066,2016,8,23,有钱，哎，想出国也没条件,0,心随梦畅想,16509322
3067,2016,8,23,你姿,1,inchennai,89647959
3068,2016,8,23,[呆]我们俩女的,0,你们都走开,275526255
3069,2016,8,23,一遍听完再来一遍[大哭]在孤独中孤独者不知不觉成了外向孤独患者 靠近一步退后三步 但是啊 会有一个人让你不想后退的啊,0,cytmuma,302748361
3070,2016,8,23,在一起！！！,0,东风大大,250067267
3071,2016,8,23,你的个性我喜欢,1,你们都走开,275526255
3072,2016,8,23,人生啊,1,女汉纸爱上男屌丝,89105145
3073,2016,8,23,人生啊~,0,女汉纸爱上男屌丝,89105145
3074,2016,8,23,[心碎]刚学了20小时课程，还没入门多少，但是感觉就是要背就好，语法掌握就好。,0,穿袜子的小虫子,133588174
3075,2016,8,23,哈哈 学过半年德语的表示要好好加油啊！熬过入门期就好了！,0,Cyber_Julia,57184604
3076,2016,8,23,我现在坐在城市的图书管馆里，等着大一的开学，以后要学德语，感觉很迷茫。,0,穿袜子的小虫子,133588174
3077,2016,8,23,[亲],0,吐噜兔兔,3687509
3078,2016,8,23,好棒！,0,秋豆麻袋阿喂,67973951
3079,2016,8,23,你出生就已经俘获了多人的心，然而自此再也没有发现过。,0,在黑暗中起舞,66104325
3080,2016,8,23,也是NYU？,0,Cyber_Julia,57184604
3081,2016,8,23,第一次是在在大学宿舍的床上听着这首歌，现在我顶着烈日送快递，真渴,8,依古比古与阿卡哇咔,61075163
3082,2016,8,23,之前听这首歌的时候是高一寒假回老家，再次听的时候就是高三毕业的暑假。时光啊[流泪],0,赤司的女朋友哈,283723205
3083,2016,8,23,对于喜欢欧美风的妹子，表示没爱。,0,倚楼听雪时,12652471
3084,2016,8,23,在孤独中孤独着，在追逐中追逐着，渴了饮水，累了坐下，好了前行,1,听风的小伙,45637808
3085,2016,8,23,上一次听还在拉萨八角街晒太阳，如今在新泽西的房东家刷朋友圈，想回国。,4,看破不说破-,127303997
3086,2016,8,23,我听过燕姿所有歌中这首歌我绝对排第一,0,囧囧有瑜C,297446986
3087,2016,8,23,听着这首歌，想到了丝路😳,3,千里四季,249922105
3088,2016,8,23,缘分没到吧！缘分到了挡也挡不住●_●,1,鹰幼仅友,100345129
3089,2016,8,23,好听啊,0,白衫如初x,94755456
3090,2016,8,22,初中同学的离别，高中同学的太陌生，中考留下的阴影，高中的快节奏[皱眉],0,可乐雪碧一起冰,255485717
3091,2016,8,22,是的，燕姿老了，我也老了，时光荏苒，白马过隙。,1,生活的旕迷宫,300825158
3092,2016,8,22,好好听~这首歌很适合孙燕姿的音色~ 灵活的转音和那只属于她的沙哑又清脆的声音~        听着有耳膜一颤的感觉,0,GTOD_F,279363398
3093,2016,8,22,我也会努力的[可爱],2,Pisces鱼libra,82235114
3094,2016,8,21,真的好听,0,我是十三姨啊,129040431
3095,2016,8,20,舒缓，养心韵耳[心碎][强],0,心有音耳有乐,295272668
3096,2016,8,20,好[呆],2,我是十三姨啊,129040431
3097,2016,8,18,我在一刻得到了所有，又在一刻失去了所有。这样的大起大落，你也受不了。,2,在海裡夢遊,249668632
3098,2016,8,18,又想起了你们初中同学，高一真的好累啊,0,可乐雪碧一起冰,255485717
3099,2016,8,18,喜欢孙燕姿,1,FIWind,314441562
3100,2016,8,18,为什么这首歌辣么好听。为什么燕姿那么美还那么会唱歌。[爱心],2,茶米鸭,307279214
3101,2016,8,18,心灰意冷,1,-luckyyou,247649647
3102,2016,8,18,睡不希望有个人一直爱自己。。。,2,心肆意狂奔33565,296134569
3103,2016,8,18,我写了很长一段文字发给他们，早上，梦里，我梦见他们议论我，我仿佛听到了骂我的声音。。。但是醒来却什么也没发生，其实我也希望我不让他们失望。至少不是讨厌。。。其实我是不自信的。,3,心肆意狂奔33565,296134569
3104,2016,8,18,睡醒肚子又开始疼。。。。,0,心肆意狂奔33565,296134569
3105,2016,8,17,心情不好听哭了,4,吉木艾青,133391606
3106,2016,8,16,語言,0,义实真来如解愿i,131516698
3107,2016,8,16,为什么觉得燕姿每一首歌都那么动听呢？！,4,吉吉congrenren,3104291
3108,2016,8,16,打卡,1,太阳啊烈日,132315045
3109,2016,8,15,我有了第一份工作，以前都不怎么听孙燕姿的，现在突然就觉得，听着真舒服，心理感觉安安稳稳的,3,阿_井,68289347
3110,2016,8,15,每次想自弹唱这首都不知道怎么下口。燕子专属的感觉,2,挖系栗栗栗栗子,91639394
3111,2016,8,15,[拜],0,王子面oO,249311860
3112,2016,8,15,淡淡的歌，越听越有味道,0,王子面oO,249311860
3113,2016,8,15,也许因为你的个性吧,0,十九州_,262107068
3114,2016,8,15,起风了那好听,1,我是十三姨啊,129040431
3115,2016,8,15,越听越好听,1,我是十三姨啊,129040431
3116,2016,8,15,我那么可爱，那么懂事不粘人，有文化有个性，为什么从小到大都没有男生喜欢我呢？我怎么就活该没对象呢？[汗]我想把对自己的爱分割，让我遇见一个，我喜欢的人吧。,3,Bridge_Cold,66568899
3117,2016,8,15,起风了,0,我是十三姨啊,129040431
3118,2016,8,14,这张专辑最喜欢的一首,1,sentence_,296071338
3119,2016,8,14,刚开始的节奏的咳嗽声是哪来的[惊恐][惊恐]听了好多遍才发现[惊恐],0,帅气阿洛,308487875
3120,2016,8,14,怎么办 真的好喜欢孙燕姿[惊恐],3,亲亲狂魔,98712815
3121,2016,8,14,越听越有味,0,蛋卷1号,300872715
3122,2016,8,14,曾有一个人，爱我如生命；如今只剩下，一句对不起[哀伤][哀伤],2,莫子三三,317799567
3123,2016,8,13,真的越听越有味道[爱心],2,Laure_Neo,134848323
3124,2016,8,13,在孤独中孤独着，才懂安静的渴,3,跳舞的反骨,33249451
3125,2016,8,13,[亲亲][亲亲][亲亲],0,野小玄,44137665
3126,2016,8,13,大晚上的听着这首歌看着他的资料竟然想哭 嘲笑自己真的没救了 但又一想 大概过一阵子再翻看这条评论时可能都想不起来自己看的是谁的资料了,5,老魔篌,276885813
3127,2016,8,12,不就是英语   [流泪]我也要,0,安安101号,118132996
3128,2016,8,12,燕姿新专辑要来了，我来听歌,1,missing樱花樱花想见你,255390967
3129,2016,8,12,孙燕姿的歌听她独特的味道,0,missing樱花樱花想见你,255390967
3130,2016,8,12,燕姿老了，我也老了,1,白_苏_l,284840624
3131,2016,8,11,[爱心],0,安非他命miss,29903601
3132,2016,8,11,[星星][星星][星星][星星],1,帐号已注销,286736884
3133,2016,8,10,最后几句太好听了！！！！,1,端木瓜瓜,87150189
3134,2016,8,9,时间的沙像一首歌[钻石][钻石][钻石],3,冬作,302691026
3135,2016,8,9,额~额~~~(再拐一个弯,2,端木瓜瓜,87150189
3136,2016,8,9,今天循环了真的太多太多遍,0,爱吃芒果的cy,253971962
3137,2016,8,9,那一段的幸福可能是这辈子最快乐的时光,3,带你看海的路上,314137896
3138,2016,8,8,这首歌让我想起时空幻境,0,秋樨,40755204
3139,2016,8,8,我的妈好好听啊QAQ,0,HydrangeaXXX,41500852
3140,2016,8,8,学霸啊,1,花千兮,82733499
3141,2016,8,8,[呆],1,举个西木,60673274
3142,2016,8,7,真心喜欢,0,一个淡定的蓝孩子,291743514
3143,2016,8,7,因为是你,0,理山娶我,119110504
3144,2016,8,7,手松了，伤愈合,1,白态,132773969
3145,2016,8,7,喜欢孙燕姿的声音,3,wuli蔚蔚,121607023
3146,2016,8,7,[亲亲][亲亲][亲亲][亲亲][亲亲],0,星空起源,46981020
3147,2016,8,6,巧了[吐舌] 不过我还在西安的省图书馆背单词准备GRE  ,2,我在找我Echo,56976101
3148,2016,8,6,前奏听起来杂杂的里面还有夹杂着宫崎骏的歌 然后等到正奏进来才cool舒服,1,-HANRri,310849709
3149,2016,8,6,阿姿,1,bulankaa,73550678
3150,2016,8,5,第一次听到燕姿的《尚好的青春》，就记住了这个独特的嗓音，后来无论有过多少喜欢的歌手，日月更替，她的歌依旧在我的歌单和心里还是不老。,7,未见青山老去,102902274
3151,2016,8,5,赞同！,3,究究一生,258563624
3152,2016,8,5,单身三年了，我也渴～望,1,weilao斗,42743438
3153,2016,8,4,孙氏情歌,0,哇嚟呢条仔真系离晒谱喇,253028677
3154,2016,8,4,正在班里上自习课，无聊！,1,张怪人i,281300174
3155,2016,8,4,不知道为什么觉得特适合何以笙箫默,2,吼吼哈嘿耶,291760000
3156,2016,8,4,ZHOUZHENGBANG也要放下对吧！,0,KLENH,109960133
3157,2016,8,3,今天坐在中大图书馆背gre，真希望明年像你一样能坐在纽约大学图书馆,3,laocaoO,38565128
3158,2016,8,2,姿最美的一首歌没有之一[幽灵],2,爱吃芒果的cy,253971962
3159,2016,8,2,不该在失恋时候听这首歌来着…完了现在一听仿佛回到那刻:-(,2,Blwery,127997867
3160,2016,8,2,[可爱],0,想个名字-好难-,304714417
3161,2016,8,2,我高中校服后面写了个大大的    渴       真的,6,雨落水涨-,305566455
3162,2016,8,2,经历过孤独的人才懂,3,Clopy,131422291
3163,2016,8,1,这首歌好好听啊，越听越有味道,1,爱似一盏烛明灭会有因果,104619402
3164,2016,8,1,不得了,0,梓明君,300829380
3165,2016,8,1,联合作词的是“陪着我的时候想着她”的黄婷？！[惊恐] 难怪需要梁锦兴修啊~,0,dis-play,132802796
3166,2016,8,1,没有舍不得～而是等待～等待你成长～因为初衷就是和你走到最后～,1,Andair,102572394
3167,2016,7,31,不懂漫步的渴,1,Clopy,131422291
3168,2016,7,31,肿么办，听了燕姿的歌就听不了其他以前觉得还可以的歌手唱的治疗曲[口罩],7,快乐和悲伤都变得悄无声息,256412865
3169,2016,7,31,这么多的赞，都是给你的祝福，愿你越来越好,5,一个发烫的灵魂,311345893
3170,2016,7,31,好渴,0,潘文二或,30944150
3171,2016,7,31,赐我一场相遇，却不赐我一场爱情。赐我一场爱情，却不赐我地久天长。,1,其和彌寡,54736178
3172,2016,7,31,孙燕姿的歌最喜欢的一首,2,栖树野咪,81609235
3173,2016,7,31,上海~,0,1234567890123456788u,68390982
3174,2016,7,31,1635,0,GodShen2,249141698
3175,2016,7,30,年轮,0,呆叶,65376557
3176,2016,7,30,摧残了→_→,0,何冂冂乘以2,89258324
3177,2016,7,29,作曲无敌，作词无敌，声线无敌。燕姿依旧。,4,林肯公园赛高,278208926
3178,2016,7,29,棒棒哒！,1,静若淡然之,249160776
3179,2016,7,29,渴,2,孤单---个人的狂欢,263901035
3180,2016,7,29,nyu好羡慕 本科stern太难了[哀伤][哀伤][哀伤],1,lt123lee,102693108
3181,2016,7,28,考研狗🐶，挥手！你好呀,4,kitty19,106871230
3182,2016,7,28,恭喜恭喜,0,宋金福就是我了,262725717
3183,2016,7,28,好励志,1,null一一,32490222
3184,2016,7,28,考研狗加我~~ 昨天背单词听到这首歌 触到心里了~,1,星行小颗一,105447999
3185,2016,7,28,我也是背单词用到这首歌！！,1,星行小颗一,105447999
3186,2016,7,28,这首歌听了很多次但一直没有收藏 终于又一次。,0,虾丸啊啊,305130715
3187,2016,7,28,我也想去同济  建筑系 我的梦想,4,谁让你改我名字了,285309045
3188,2016,7,28,我在六库眺望着。[大笑],0,Numiiln,258767130
3189,2016,7,28,赵薇。赵薇。赵薇。是那个莺莺燕燕的小燕子？不是的。是那个娱乐圈黑幕呢。,0,陪我泡花茶,270105234
3190,2016,7,28,无限大能唱到心里去,0,陪我泡花茶,270105234
3191,2016,7,28,孙燕姿 多么耳熟能详的名字 多么熟悉的声音 多少人的曾经,4,陪我泡花茶,270105234
3192,2016,7,28,整个专辑都还没听全~[大哭]因为这一首足够了。,0,牵朕手-跟朕走,106192398
3193,2016,7,28,我有故事和酒，你愿意带点牛肉干花生米小龙虾小丸子炸鸡排手抓饼两瓶可乐盐酥鸡东坡肘子酱牛肉糖醋排骨红烧肉水煮鱼番茄牛腩炸鸡腿烤冷面鸡柳葱油鱼可乐鸡翅啤酒鸭羊肉串溜肉段红烧狮子头宫爆鸡丁辣子鸡铁板烧烤肉年糕口水鸡炖羊肉卤鸭叫花鸡剁椒鱼头麻辣烫奶茶烤鱼来看我跟我一起喝点吗？[憨笑],5,弦已断-人终散,247905785
3194,2016,7,28,但我却等到了,1,那人好像一条狗啊丶,280190071
3195,2016,7,28,我是个平凡人，也有小情绪，也渴望着，也等待着，也孤独着，,3,那人好像一条狗啊丶,280190071
3196,2016,7,28,起风了,0,听你小猪猪,81424063
3197,2016,7,28,网易还我《是时候》啊喂！🙈,4,無與倫比的轻疯要喝蘇打,133190678
3198,2016,7,28,好感人，也希望自己能不再迷茫下去了,4,二月水幺,277991031
3199,2016,7,28,越听越有味道，大概就是好歌的定义,3,你_都如何回忆我,293025321
3200,2016,7,28,天字一号，9127,2,一年又一月,305298323
3201,2016,7,28,哈哈,0,小柚柚子君,112595591
3202,2016,7,28,坐在同济就很叼了！,3,HardstyleOnly,44693893
3203,2016,7,28,听完觉得安心平静多了 ,0,仇目,283429466
3204,2016,7,28,喜欢的人都很远,1,Bisous-3-,76019505
3205,2016,7,28,激动完了tension低,0,Bisous-3-,76019505
3206,2016,7,28,自己一个人听，慢慢听，多听几遍。特别喜欢,2,小叶小叶绝不熬夜,98744727
3207,2016,7,27,她的歌现在总是撕裂着我的神经，好听，怀念。。。,4,帐号已注销,276016159
3208,2016,7,27,恭喜你[可爱],1,-徐徐,127719114
3209,2016,7,27,加油！[可爱],3,因风,120837193
3210,2016,7,27,恭喜，,0,妄为_-,274419476
3211,2016,7,27,对不起 我没有救回来你,1,没有尾巴的小老虎,75528658
3212,2016,7,27,[大哭]哥们哪个牢房的，有空一起打打牌,3,从前鳗,39490693
3213,2016,7,27,可能考研下半年陪著我的只有网易云音乐了,7,林以的御花园,41763232
3214,2016,7,27,这就是网易云音乐的好处，一首歌可能有一个故事[呲牙],6,卡特先生是Beyhive,53958629
3215,2016,7,27,[爱心][爱心][爱心],0,清漪的酒,75625400
3216,2016,7,27,如果能深深吸一口你的味道 璀璨了,1,Just不喝胡辣汤,20631732
3217,2016,7,27,都不知道从什么时候开始 我认为和你领证就是璀璨了,0,粒粒呀我是,109814069
3218,2016,7,27,阿信写给梁静茹的词 听起来满满都是感动,1,小柏年,284323711
3219,2016,7,27,知道你是学霸了,2,lang之,73393195
3220,2016,7,27,看到这样的评论真好,8,图拉不会唱情歌,45588239
3221,2016,7,27,好厉害 学霸,3,Forever-seventeen,67853885
3222,2016,7,27,这是一首有味的歌,0,好多多的云多的情绪和多出的记忆,30983107
3223,2016,7,27,真棒,1,2020公考上岸,259763165
3224,2016,7,27,你很有品味,1,可可西里云大朵,256103155
3225,2016,7,27,已重新上线～～～,1,李归晚66,18899054
3226,2016,7,27,那年的演唱会！愿我们的永远活在爱里！被爱包围！,0,吕小玥,103125153
3227,2016,7,27,打卡,0,腻腻腻腻腻腻5,294596768
3228,2016,7,27,渴了多喝热水。[爱心],0,帐号已注销,108555084
3229,2016,7,27,美国只是阶段性的一个梦想，最大的是环游全球,0,救命救命呐,122833755
3230,2016,7,27,人的梦想应该远大一点呀,0,Cyber_Julia,57184604
3231,2016,7,27,不过确实好听,0,王子面oO,249311860
3232,2016,7,27,不敢相信,0,王子面oO,249311860
3233,2016,7,27,这歌竟然排这么前面,0,王子面oO,249311860
3234,2016,7,27,Fighting!!!   我正在办美签，也在努力的去实现去美国这个梦想,0,救命救命呐,122833755
3235,2016,7,27,恩 是的 这只能靠自己,0,Cyber_Julia,57184604
3236,2016,7,27,那读书的功夫总是你自己下的吧哈哈哈,0,救命救命呐,122833755
3237,2016,7,27,也不都是我的努力呀，NYU学费还是挺贵的。。,0,Cyber_Julia,57184604
3238,2016,7,27,讲真，很羡慕你通过自己的努力走到你今天想走到的高度,0,救命救命呐,122833755
3239,2016,7,27,在追逐中追逐着[吐舌],0,--微雨--,111324146
3240,2016,7,27,谢谢！,0,Cyber_Julia,57184604
3241,2016,7,27,超棒！祝福你！加油！！！,0,救命救命呐,122833755
3242,2016,7,27,是武汉的同济医学院还是上海的？,1,雪飘零,3443905
3243,2016,7,27,还他娘提赵薇[撇嘴],3,請您及時行樂,111926175
3244,2016,7,26,突然感觉赵薇要是翻唱这首歌应该也很适合。,0,Violeta-Tian,108569209
3245,2016,7,26,穿越生命的沼泽，会遇见你的。,2,是SX这个小仙女呀,117377629
3246,2016,7,26,好听值得品味,0,最爱犬夜叉的夜斗,263797884
3247,2016,7,26,虽然我现在不是背着GRE，但我现在也坐在同济图书馆里，身边有很多像你一样的同学~当年的你，身边是不是也坐着一个像我一样为保研而奋斗的人呢？你们也听着同一首歌。,8,1234567890123456788u,68390982
3248,2016,7,26,唯一的一首前奏就想哭的歌[爱心],1,Okkkkktt,282672045
3249,2016,7,26,开口跪！,0,她的怪蜀黍,308874614
3250,2016,7,25,@艾大伦BIGALLEN    你要在哪里复习雅思 将要在哪里璀璨哇,1,给我一块钱你敢吗,130334519
3251,2016,7,25,治不孕，到同济,0,北方帅男,298330933
3252,2016,7,25,前面是有一个男人的咳嗽吗...,1,jet或者之后,134248575
3253,2016,7,25,孙燕姿的声音真的让人心疼,3,亦如黎明中的花朵_,117314225
3254,2016,7,25,卧槽，神曲,0,血樱树,255943870
3255,2016,7,25,梦想和现实的差距在于，本打算卖掉房子，和你牵手一起浪迹天涯，从上海出发，环游整个世界。还没到苏州就他妈快把钱花完了。。,8,山民魏叔叔,132669725
3256,2016,7,25,"-/-
",0,invisible______,266525776
3257,2016,7,25,超级喜欢 第一次去直接震撼,0,暴躁咲咲-,296189969
3258,2016,7,25,前面好像有人咳嗽了一声,0,-碧胜,296753460
3259,2016,7,25,是的！,0,Cyber_Julia,57184604
3260,2016,7,25,nyu的图书馆真是棒极了！,0,暴躁咲咲-,296189969
3261,2016,7,25,所以你在这里做什么,6,孙燕姿的手,100429699
3262,2016,7,25,是不舍,1,孙燕姿的手,100429699
3263,2016,7,25,[可爱],0,帐号已注销,31711264
3264,2016,7,24,你是我的渴。,1,帐号已注销,286726764
3265,2016,7,24,给你助力,3,脑残小粉红,123569888
3266,2016,7,24,你等着哦,1,脑残小粉红,123569888
3267,2016,7,24,你等着哦,1,njubdcjsal,254169142
3268,2016,7,24,不禁让我写的书都慢慢的变忧伤了。,3,此账号已注销biu,298305548
3269,2016,7,24,女神女神女神,1,時間也不是萬能的,91483660
3270,2016,7,24,刚刚在电视里听到的果断来下载[呲牙],0,脱了线的喵,84250966
3271,2016,7,24,总能听处这独特的声线😁,2,伍月书生,305791386
3272,2016,7,24,好听好听,0,萨宁宁,291005295
3273,2016,7,24,心声,0,壹万光年cat,296389652
3274,2016,7,24,嘻嘻😘,0,XZ_杪澈,265018110
3275,2016,7,24,好听啊   循环停不下来,0,cho酷,250483756
3276,2016,7,24,评论上3000直播日电风扇,3,遮住脸还是那么帅,113744792
3277,2016,7,24,听这首歌听到停不下来,1,-KOUYILIN,101838607
3278,2016,7,24,hhhhh→_→,0,Yve_tte,270996295
3279,2016,7,24,喜欢歌词,0,樱桃NLiy,99001875
3280,2016,7,24,我是初一的时候听见这首歌的，现在毕业了我又听到这首歌了[憨笑],1,徐稚1998,297897371
3281,2016,7,24,这首歌怎么又上来了[惶恐]简直诡异,0,Cagurls,57342479
3282,2016,7,24,[亲亲][亲亲][亲亲],0,可阳快飞,115746724
3283,2016,7,24,耳机秀的不要不要的[大哭],1,高以素,134222643
3284,2016,7,24,我也是，，还以为我爸呢，，，,1,兔子先生丶丿,254129302
3285,2016,7,24,[大哭][大哭],0,Yve_tte,270996295
3286,2016,7,24,。。。你吓着我了。。。,0,丸子酱zy,263193863
3287,2016,7,24,活捉校友！好棒！,1,爬行狗,45617343
3288,2016,7,24,大半夜嗨完了躺床上听这歌挺有味道的[亲],1,-逐墨,103234048
3289,2016,7,24,可以 这很网易云,3,-逐墨,103234048
3290,2016,7,24,好听,2,M-xy97,308361414
3291,2016,7,24,棒,0,idontwanttobeyouanymoredejavu,115128987
3292,2016,7,24,愿你也给予我力量，让我带着美丽的眼睛，望尽美好。,0,雨于辰与,40940458
3293,2016,7,23,看到 同济 有点亲切 希望有天我也能和你一样[呲牙],1,myee-,93046728
3294,2016,7,23,年少总轻狂～,0,昨日黄昏昨日花,36151775
3295,2016,7,23,没能出国留学是我人生最大遗憾～,1,昨日黄昏昨日花,36151775
3296,2016,7,23,#孙燕姿723生日快乐# 燕姿的歌就是适合多听  听久了 味道也就出来了,0,Champagne-Wines,114344953
3297,2016,7,23,今天孙燕姿生日(ง •̀_•́)ง,1,长大之后养个狗,106846364
3298,2016,7,23,粉你[大笑],0,ON丶,50165102
3299,2016,7,23,要开心,0,嘎嘎惹人爱,107708920
3300,2016,7,23,女神生日快乐啊啊啊,0,以后会有猫和狗的,249664499
3301,2016,7,23,是,0,鸡肋不是,81816871
3302,2016,7,23,今天她生日吗,1,我要很快很快乐,281492325
3303,2016,7,23,成长的过程就是孤单吧,0,钱某i,121009121
3304,2016,7,23,快乐，就好[爱心],1,少女真心喂过狗,48538488
3305,2016,7,23,纽约大学好像挺一般的呀，，，除了学费贵。。。土豪求包养,0,_null_pointer_,84797961
3306,2016,7,23,😂我们村拆迁,0,bbbo-,119845643
3307,2016,7,23,被你最后一句话击中，仿佛豁然开朗。喜欢你一直都只是自己一个人的事啊！我愿意对你好，哪怕只是一厢情愿，那也是我的事啊。我喜欢做的事而已！,1,李娉儿儿,121757776
3308,2016,7,23,学霸啊😱,0,droken,252031225
3309,2016,7,23,喜欢“起风了”之前的那一声~,0,老板娘还没起床,70892254
3310,2016,7,23,学姐好棒！,0,丨ChiehChang丨,47754073
3311,2016,7,23,生日快乐姿[幽灵][幽灵],1,爱吃芒果的cy,253971962
3312,2016,7,23,好久不听孙燕姿！感觉她的声音好甜喔,1,浪小仙,50654200
3313,2016,7,23,喜欢是占有，而爱，居然是克制。你不在我身边，其实并不妨碍我继续爱你啊[钟情],4,少女真心喂过狗,48538488
3314,2016,7,23,38啦[奸笑],1,study中whoops,48435532
3315,2016,7,23,穿越生命的沼泽 会遇见你的,2,李子木-L,96317272
3316,2016,7,23,老大，生日快乐,0,囧尼克精神病快好了,36563047
3317,2016,7,23,36岁生日快乐[亲亲],1,tbq1214,55460787
3318,2016,7,23,人生赢家！,0,澜嘉,45259869
3319,2016,7,23,[强][强],0,用户295552059,295552059
3320,2016,7,23,好听,0,不见不散928,303359781
3321,2016,7,23,女歌手还是喜欢孙燕姿,0,一只小紫,71191709
3322,2016,7,23,好听,0,落然君与啪啪脸,294503348
3323,2016,7,23,"孙燕姿永远的女神
[亲亲]",1,心已被囚,271069781
3324,2016,7,23,因为这首歌，我好像找回了自己。,0,Mrssan,41840898
3325,2016,7,23,总感觉这个调调很好听，但是一直转来转去的[大哭]让人忍不住竖起耳朵来听[大哭],1,海平线下的哀愁,77123246
3326,2016,7,23,哪里都有说孤独的..,0,天空大爆炸z,135624764
3327,2016,7,23,你是我独享的遗憾和渴望,0,一个殺手的蝴蝶夢,86503646
3328,2016,7,23,在孤独中孤独着，才懂安静的渴。,1,Lemercure-,61700947
3329,2016,7,23,[爱心],0,潘朵拉的盒子,92216964
3330,2016,7,23,在网易听歌跟逛淘宝似的，还要看看评论。。[大哭],8,波zai,306693171
3331,2016,7,23,来听听我的歌吧,0,小A是我1,129635729
3332,2016,7,23,感谢你能来，不稀罕你离开。哈哈哈刘兆轩看到你和现在女朋友也蛮好的，我不会祝福的，嗯✔,1,merryhero,44109213
3333,2016,7,23,在追逐中追逐着才懂漫步的渴。我不知道人生会有多少个三年，又会用多少个三年去爱一个人。我把最美好的三年青春给了你，你把最纯真的三年青春给了我。愿我们自相安好不再打扰却一直爱着对方。SH&XM.   R&E.,0,Elodie傅,252952304
3334,2016,7,23,"这首歌一定会火、
",0,九月二十五有个傻子对我挥手笑,295120420
3335,2016,7,23,孙燕姿是唯一一个我身边朋友都喜欢的女歌手  大赞 ,0,戾气少女-,60535117
3336,2016,7,23,今天是孙燕姿38岁生日  ！！！,4,十西,302733514
3337,2016,7,23,孙燕姿也挺有名的 至少我周围所有人都知道她听过她的歌 别因为自己的肤浅而否定一个歌手的名气 谢谢 ,4,西四大魔王,308225386
3338,2016,7,23,以前没有读懂这首歌.不明白她的意思，现在瞬间泪目，时间留下了些什么！,0,川____,80438391
3339,2016,7,23,不知道为啥就是不想听出名歌手的歌  有谁和我一样  看见是很出名的歌手的歌就不会听的？,1,请叫我小点,265543503
3340,2016,7,23,好听呢,0,好吧我先干为敬-,96560856
3341,2016,7,23,厉害呀,0,假日西秀海滩,79566693
3342,2016,7,23,刚听就爱上了，觉得时间都停止了,0,sunflower_kiki,53851493
3343,2016,7,23,炫一脸,0,姐姐我就爱画画,69677192
3344,2016,7,23,上初中的时候听逆光，现在都为人妇了，时光易老啊,0,哈娜花,263835573
3345,2016,7,23,同济图书馆 拆了,0,lt83886,103882543
3346,2016,7,23,[色][色][色][色][色],0,中长发挺好,133475703
3347,2016,7,23,璀璨了这三个字看着都高兴。。,1,Goldbanana,69872896
3348,2016,7,23,快毕业了。,0,沐轻风m,266964808
3349,2016,7,23,囧，逆光我是大二的时候...[惊恐],1,传闻中的饼干君,55122463
3350,2016,7,23,能忍受孤独也就罢了 你偏偏希望有人能懂你的一声叹息一次皱眉,5,黄宇婷hyt,277688503
3351,2016,7,23,说这话的一定是gay，别被骗了。。,0,廿八12,97459683
3352,2016,7,23,有种《丝路》的感觉。。,0,IceCache,38916350
3353,2016,7,23,听到前奏就下载了,0,晚遇我三年9,264213204
3354,2016,7,23,顺手点开听，原来今天是燕姿的生日！,9,ca1meow,76354626
3355,2016,7,23,[色][色][色][色][色][色][色][色],0,用户308556710,308556710
3356,2016,7,23,现在正在同济图书馆里面画图,3,弓二竹,79472025
3357,2016,7,23,开口立刻收藏,0,我是可爱你是可爱的宝宝,121380135
3358,2016,7,23,我也想找一个姿迷女朋友[奸笑],1,风情万种syr,127066832
3359,2016,7,23,在孤独中孤独着,0,一只茴,250653280
3360,2016,7,23,[蛋糕][蛋糕][蛋糕],0,麦芽儿er,299178601
3361,2016,7,23,加油！没那么可怕～,1,Cyber_Julia,57184604
3362,2016,7,23,我也看到了这句,0,YSGabrielle,53393636
3363,2016,7,23,和之前以情歌的声音明显不同了，她一定成熟了不少罢。,1,-ill,288379773
3364,2016,7,23,喜欢每一首,0,森崎咩秋坂伊佑司全大大,272039194
3365,2016,7,23,长得帅说什么都是对的,0,歌舞厅的丽丽,64167666
3366,2016,7,23,无意看到热评第一是同校学姐，现在大三暑假，还在忙着刷分，申请季就要来了，怕失学，很忐忑，渴啊。,2,Quinnnnnnnnnnnnnnn,46941650
3367,2016,7,23,你居然是女的[惊恐][大哭][大哭],0,耳朵就是要艳遇,133696475
3368,2016,7,23,这个评论我喜欢[鬼脸],1,嘿疯礼呀,46203399
3369,2016,7,23,突然觉得孙燕姿嗓音性感,0,贝尔梅尔-,276880196
3370,2016,7,23,这并不出彩吧 她其他好听的歌很多啊 ,0,12点半啦,86637239
3371,2016,7,23,在台北躺着，12点再下去吃早餐[狗],0,广工饭堂优秀阿姨,91569832
3372,2016,7,23,哈哈哈哈～,0,全智贤临沂分贤,114926573
3373,2016,7,23,复制粘贴假故事 煽情伤感假段子 [可爱],3,我是大黄鸭_,110962259
3374,2016,7,23,ooooooooooooooooooooooo,1,--迹,94488946
3375,2016,7,23,爱何曾干涸，当握紧的手松了，伤愈合我————每次都把这首推荐给失恋的朋友,0,wu4691,282220956
3376,2016,7,23,第一次听她的这首歌,0,LL贝贝,51260546
3377,2016,7,23,孙燕姿的歌像首诗。,1,岁月无声心易老,35204870
3378,2016,7,23,生日快乐，哈哈哈哈哈~今天的歌都听你的,0,巴扎嘿嘿嘿嘿哈,101892722
3379,2016,7,23,光这个字我已经很久很久没说了,1,独行已近妖,102594870
3380,2016,7,23,今天是孙燕姿的生日，听这首歌来祝她生日[蛋糕]快乐[爱心],3,雅尼之声,286717181
3381,2016,7,23,哈哈，我就是不小心点了你的头像，进了你的歌单，然后觉得还不错就收藏了呢，缘分这种事~,0,小慧星人,256757458
3382,2016,7,23,那张专辑里最喜欢的歌,0,加菲墨,109492063
3383,2016,7,23,好难过,0,不是eason不会发光,79197811
3384,2016,7,23,校友啊，[跳舞],0,史曼儿,56694267
3385,2016,7,23,生日快乐，周杰伦已经去听过了，有生之年还计划去听一次你的演唱会。,2,Summer樱祭,10314366
3386,2016,7,23,好歌是经得起时间考验的，,0,渡人未渡己,110540858
3387,2016,7,23,收不收费和她没啥关系,2,看我可爱咩,65911192
3388,2016,7,23,好听到哭,0,xxxxxxxxxxxxxxxxT,95369509
3389,2016,7,22,想到好多事,0,你说今晚de月光那么美,56625742
3390,2016,7,22,我是听着孙燕姿的歌长大的[大笑],1,铅华x,272295193
3391,2016,7,22,1390,0,鬧人的獅子座,109441314
3392,2016,7,22,听孙燕姿和别人合唱的歌，一瞬间就能找到孙燕姿的声音,0,斯温啊,246812294
3393,2016,7,22,好听，满身鸡皮嘎哒,0,鬼灯大人丿,61522051
3394,2016,7,21,[嘴唇],0,自我救赎swh,76041100
3395,2016,7,20,好棒哦,0,Lwwwwy,39882567
3396,2016,7,20,好有感觉,1,沉未i,83843415
3397,2016,7,20,真的觉得喜欢燕姿这类风格歌曲的人都是感情细腻的、善良的人,1,欧文鲁克,68122400
3398,2016,7,20,我也最喜欢这首惹,0,帐号已注销,124859943
3399,2016,7,19,在最后四句 ❤上,0,NothingJoseph,32324276
3400,2016,7,19,[亲亲][亲亲][亲亲],0,可阳快飞,115746724
3401,2016,7,19,我姿,0,motorcycles,283973423
3402,2016,7,18,每次在画室循环都能静下心来,2,特别攻,305119095
3403,2016,7,18,最近因为《渴》迷上了这种类民谣的调调,0,kepleradio,279594179
3404,2016,7,18,你是我的渴。💦,0,帐号已注销,286726764
3405,2016,7,17,好听…,1,平静-美景,305358909
3406,2016,7,17,[色],0,iDevics,72935380
3407,2016,7,16,失恋了，听着这首歌，不知道为什么，眼泪就是控制不住留下来。,3,淤余雨煜,88229058
3408,2016,7,14,听着你的歌单，感受你听的时候的感觉,1,深海鱼yur,66908646
3409,2016,7,14,5年前，我们都很好，暗恋的秋波在毕业以后变成表白，无论是否真心喜欢过，很感谢，你带来的感觉确实无可替代。,4,小猫薄荷_,70987197
3410,2016,7,13,id太搞笑了   红红火火恍恍惚惚,0,诸允若,107708460
3411,2016,7,12,同是一首歌，别人就唱不出这种味道,1,那就迎着夕阳,300025832
3412,2016,7,11,我喜欢这样淡淡的燕姿，淡淡的歌声,2,忘不掉的明天r,101795664
3413,2016,7,10,太棒了！希望像你一样～,1,林以的御花园,41763232
3414,2016,7,10,爱何曾干涸。,0,贵鑫s,102656602
3415,2016,7,9,我在撸裤~眺望着[大哭][大哭][大哭],0,诺亚十四,48299510
3416,2016,7,9,我高中的时候孙燕姿很火，现在都30多了，依旧看着你们这些年轻人喜欢着她的歌，我很欣慰。[可爱],2,IG铁粉Alone,264915880
3417,2016,7,8,@遇见_说到就一定要做到 好听~~~,0,EEEEEEcho,63389618
3418,2016,7,8,天后孙的每首歌我都可以单曲循环。,0,姜泥誓杀丶徐凤年,97770400
3419,2016,7,7,芬妮 唱了 才知道,0,猴子尿,116383205
3420,2016,7,7,我喜欢孙燕姿,1,Kepler_渴,124812426
3421,2016,7,7,我高一,0,Kepler_渴,124812426
3422,2016,7,6,好啊，我等着[大笑][大笑],0,一顿乱炒,7839635
3423,2016,7,6,我给你唱[大哭],0,一闪闪闪亮晶晶,116356288
3424,2016,7,6,计算什么,0,新昵称还没想好,67339684
3425,2016,7,5,当时小学准备升初，现在是初二期末考试，准备初三。,0,盐系中二病,128795771
3426,2016,7,5,这首好听诶,1,Murchett,80647502
3427,2016,7,4,我是王海峰我喜欢孙燕姿,0,爱姿海,126397948
3428,2016,7,3,心头好❤,2,MsyusukeM,87146700
3429,2016,7,3,听到歌中的停顿，陡然想哭,2,阿超的饭盒,98873398
3430,2016,7,3,可是人家有资本秀啊[呆],1,无忧苦乃甜,274413153
3431,2016,7,2,她的歌，会说话，会画画。,2,桔子156,252425701
3432,2016,6,30,有味道,1,hey-小五,109125567
3433,2016,6,29,[大哭][大哭][大哭]确实好听,1,茉莉茶_,288274741
3434,2016,6,29,一是无聊，二是的确好听，所以听了很多遍无聊注意到的[开心],1,梦里薄眠,38987212
3435,2016,6,29,我是一个，病入膏肓的，爱姿病人,4,愚人的国度V,90406979
3436,2016,6,29,现在听着时光小偷。准备期末考,1,姿意燕为,263726012
3437,2016,6,29,一届,2,将渡未渡,92940839
3438,2016,6,29,抱着书来上公选课，转角处，迎面走来男神和他女票牵着手，我装作没看见走过。忍住不回头看。,2,琦琦罗,291184016
3439,2016,6,29,克卜勒专辑出来的时候，我也是高二,1,姿意燕为,263726012
3440,2016,6,29,还好，,1,姿意燕为,263726012
3441,2016,6,29,你很喜欢燕姿啊。,1,将渡未渡,92940839
3442,2016,6,29,[开心][开心][开心]听的好仔细哎，,1,茉莉茶_,288274741
3443,2016,6,29,同,1,姿意燕为,263726012
3444,2016,6,29,爱姿,1,姿意燕为,263726012
3445,2016,6,29,[呲牙],2,梦里薄眠,38987212
3446,2016,6,28,我在苦逼的刷雅思 希望能像你一样成功！！！🙏,2,CcccccassiopeiaJJJ,121651824
3447,2016,6,28,在这里说过渴望去看我姿的演唱会 10月份有机会去南京商演 不管怎样 总算能够见到你了 演唱会 等两年开也行 因为现在穷学生一枚[憨笑],4,Nnnnnnononn,115189651
3448,2016,6,28,😳😳我也要考BEC,1,茉莉茶_,288274741
3449,2016,6,28,[呆][呆]好像真的是哎,1,茉莉茶_,288274741
3450,2016,6,27,我觉得他很棒阿 这有什么秀的 通过自己的努力取得了应有的结果 值得被祝福,2,JJJanpu,266936387
3451,2016,6,26,燕姿长大了，不是那个唱着天黑黑的孤独的小女孩了[可爱],3,西凉十二度,126026861
3452,2016,6,26,穿越生命的沼泽，会遇见你的,2,Stef逆光,263709714
3453,2016,6,26,每次听完瞬间觉得生活还是很美好,2,luliting,295007037
3454,2016,6,26,[憨笑][憨笑][憨笑],1,柒星雪,85911992
3455,2016,6,26,你废话,1,know-it,247403303
3456,2016,6,26,同问,1,GogoBoy,31653317
3457,2016,6,25,秀？,0,我是王通,67798853
3458,2016,6,25,初听这首歌时，是高二某个夏日午后，燕姿新发专辑，戴上耳机，旋律，声音，娓娓道来，细细诉说。有一种返璞归真的美丽。燕姿一直在成长，我们也是。爱，何曾干涸～,3,将渡未渡,92940839
3459,2016,6,24,手松了，伤愈合…,1,know-it,247403303
3460,2016,6,22,我可能一辈子都找不到燕姿这样的女人了[流泪][流泪][流泪],3,冷鸟相鸣,57009230
3461,2016,6,22,一生一世,0,一浣,97985887
3462,2016,6,21,很喜欢这个旋律,0,biub8,291526343
3463,2016,6,21,这是她最喜欢的歌手 ,0,勉強與你,63294664
3464,2016,6,21,阿西吧，少吃肉攒钱啦[呲牙],0,Nnnnnnononn,115189651
3465,2016,6,21,爱杰伦爱燕姿一生一世[亲亲],5,要习惯孤独对么,71759390
3466,2016,6,21,听说明年会有，就是不知道是不是全国巡演[撇嘴],2,硒硒,258739742
3467,2016,6,20,18:14,0,林守乐,55243746
3468,2016,6,20,上次在唱吧唱了sss 红红火火,0,林守乐,55243746
3469,2016,6,20,这首好爱[钟情],0,黑莓我的嫁,87766364
3470,2016,6,20,突然觉得好吓人。,0,杣花吹烬,75328948
3471,2016,6,20,[哀伤],0,Summer樱祭,10314366
3472,2016,6,17,一直单曲循环,1,花心亦花汐,276060622
3473,2016,6,17,第七秒有个男人咳了一下。。[呆],2,梦里薄眠,38987212
3474,2016,6,16,海贼迷[强][强][强],0,hello-duanbowen,120059400
3475,2016,6,16,哈哈哈，完美考完前三科,0,hello-duanbowen,120059400
3476,2016,6,14,在孤独中孤独着，才明白安静的渴。每次厌倦的时候，她让我继续。让我相信美好,2,阿超的饭盒,98873398
3477,2016,6,13,你不怕上考场脑子里全是歌词么,4,六春绢子,64964805
3478,2016,6,12,听着孙燕姿的歌坐等考试。,1,hello-duanbowen,120059400
3479,2016,6,11,我才老了，我不会告诉你我2000年上的高一，也是那个时候开始喜欢孙燕姿。。从天黑给，绿光，风筝开始。。,2,泛黄的橙子皮,54588202
3480,2016,6,11,[星星],1,麋鹿与少女,40003857
3481,2016,6,11,好听到哭,1,无名妖怪,75232399
3482,2016,6,11,卧槽！！！这首歌真火了啊！第一次看评论的只有几十，第二次是几百，现在都一千多了！宝宝不开心,1,帐号已注销,94581305
3483,2016,6,9,鲍家麟 我还爱你,2,坂本籠七,134284587
3484,2016,6,8,有时候会感慨啊 燕姿陪我长大 她自己却一直没变 保留初心做音乐 感谢孙燕姿陪我童年青春记忆,1,toexxxxxxx,99649446
3485,2016,6,7,总感觉和《愚人国度》好像,2,触不到的烟火少年,94431086
3486,2016,6,6,逆光我都大一了……,0,风景都如故,249824655
3487,2016,6,6,你真优秀,0,醉灬葬哑,77618013
3488,2016,6,5,太牛逼的人生。。。,1,YoungCB9,30477716
3489,2016,6,5,不解前奏是什么意思,3,KatyPerri,75596079
3490,2016,6,5,我也要努力，我也要考上同济，最后一年了，奋斗！,2,等我穿越一路风尘去吻你,132412578
3491,2016,6,4,羡慕,1,麦咭麦咭红_,49961363
3492,2016,6,3,开头像哪首？？快想想,0,RANGER-VAN,78481479
3493,2016,6,3,开口立马红心,2,Callit见风,58532797
3494,2016,6,3,时间的沙像一首歌 舍不舍 爱何曾干涸 会遇见你的 ,1,阿韩君,50988291
3495,2016,6,3,感谢生活的给予，此时，我蛮渴望能通过面试，得到真正自己想要的生活。听了这首歌，内心很强大。坚持！,3,畅畅其实是个很阔爱的女孩子,276378567
3496,2016,6,3,"从此以后  就真的没有遇见比你更加有趣的人啦
 ",0,陆飘飘飘飘,275730189
3497,2016,6,3,每天用网易云一遍遍听燕姿，可我渴望去看我姿的演唱会[撇嘴],3,Nnnnnnononn,115189651
3498,2016,6,2,在单曲中期末复习,0,The_king_in_the_north,279988811
3499,2016,6,2,是2007年的三月份，當時在淡水漁人碼頭聽了這場新歌演唱會．,0,kawsxu,105712051
3500,2016,6,1,终究是没能骗过自己!,0,T-Toothless,252229953
3501,2016,6,1,这是我最喜欢的歌之一☺,2,AMNJHS,272896001
3502,2016,6,1,时间的沙像首歌,2,帐号已注销,99902158
3503,2016,6,1,那时候跟同桌就天天称赞这首歌有多么多么优秀，多么多么好听,1,结菜,57780277
3504,2016,5,31,晚安 好运 我们,0,Brightenid,88593958
3505,2016,5,30,遇到校友,0,无手可剁的吃土少女,94791637
3506,2016,5,30,此时此刻 听懂了,0,李小透,60496677
3507,2016,5,29,[星星],0,某_晨,137023418
3508,2016,5,28,27岁，正青春啊。,0,妖里妖气大胡子,17577570
3509,2016,5,28,爱何曾干涸。,0,年华浅止,283499155
3510,2016,5,28,好听,0,周五527,256516490
3511,2016,5,28,我在卢库眺望着_(:зゝ∠)_好萌的口音,2,夜语笙繁,99292697
3512,2016,5,28,哈哈哈，萌萌哒，我也来一个(•ૢ⚈͒⌄⚈͒•ૢ),0,沙翠,256590369
3513,2016,5,28,✪ω✪,0,_Periwinkle,118859166
3514,2016,5,28,嗯！为了部落！哈哈哈,0,沙翠,256590369
3515,2016,5,28,嘻嘻，么么哒[这边]🏼,0,沙翠,256590369
3516,2016,5,28,生活要能活出自己喜欢的样子是挺难得的，喜欢什么就做什么，别留有遗憾，顺其自然，生活总是充满了无限的阳光和希望！,2,_Periwinkle,118859166
3517,2016,5,28,是的，和你一样~,0,gravitywho,266113224
3518,2016,5,28,对呢，不是一个人，没有失望也不是赌气，真的就是很平静。没有谁能阻挡我们的追求。,0,沙翠,256590369
3519,2016,5,28,你不是一个人呀，哪管有没有，我们还是我们，就像燕姿唱那句 爱何曾干涸,0,gravitywho,266113224
3520,2016,5,28,不是赌气也不是失望，只是很平静的想到的，之前感觉自己其实并没有学会独立，每天浑浑噩噩而且很不开心。最近慢慢的明白其实我应该先学会独立，知道自己到底想要什么，才是最重要的。最近去报了一直喜欢的舞蹈班，每周跳跳舞，然后也断断续续坚持背单词，然后听歌，看书，一个人看电影，感觉真的挺好,1,沙翠,256590369
3521,2016,5,28,[亲亲][亲亲][亲亲],0,可阳快飞,115746724
3522,2016,5,28,会有的，总会有的[爱心],0,_Periwinkle,118859166
3523,2016,5,27,再过两个月就要26岁了，基本上都没有正儿八经谈过对象。听到说情话的歌心里也会难过，不曾有个能回忆的人。但是每次听到燕姿这首歌，真的又安定从容了，不管怎么样守住自己何尝不是给自己一个未来。但其实我想说的是，守住自己其实不一定会有那么一个人，倘若没有，便没有罢了。,6,沙翠,256590369
3524,2016,5,27,为什么好歌都不怎么大众化呢,0,名字-好简单,281665542
3525,2016,5,27,我喜欢看评论,0,好9是浪漫的hero,130790674
3526,2016,5,27,......《逆光》是2006年的专辑，那一年我大一...小学...额...,0,墨菲酋长,44136967
3527,2016,5,27,好听,0,周五527,256516490
3528,2016,5,27,时间偷走了些什么 又留下了什么,0,兔牙王,124485135
3529,2016,5,26,我听着，时间的沙像首歌。,1,帐号已注销,107770235
3530,2016,5,26,自从高三听到以后，就当作铃声用到现在,2,无缘冰岛,54879381
3531,2016,5,26,额[汗]难道不是？,0,囧尼克精神病快好了,36563047
3532,2016,5,25,难道听着遇见上初一的我已成大叔？,0,妖里妖气大胡子,17577570
3533,2016,5,25,坐着坐着眼眶就热了，忍了又忍，披衣下楼。人从小就不断拥有，总是很难学会舍弃。手松了，你也别回头了，不计较任何，全身而退。,0,你的网上邻居a,65574957
3534,2016,5,25,很耐听！！！！！,0,身直不怕影子弯,30833527
3535,2016,5,25,真的要受过几次伤，恨过唾弃过，又终于释然，才懂得的~,0,rika2015,61951020
3536,2016,5,25,好听的,0,飯沒餾透,263738375
3537,2016,5,25,姿味儿,0,飯沒餾透,263738375
3538,2016,5,25,好听,0,飯沒餾透,263738375
3539,2016,5,24,[星星],0,AndoNozumi,278232569
3540,2016,5,24,微博上有个游戏叫做自己音乐里的第四首歌代表爱情，我的就是《渴》，我愿与你在这漫长的生命中漫步，经历那些曲折,1,P城的鼓声,98554471
3541,2016,5,23,"——我无所事事得厉害,所以感觉到时间的拖泥带水。但是奇怪的是,它虽然来得缓慢,但去的飞快。当我回头看看的时候,已经记不得昨天做的事情。最主要的原因是我昨天没有做什么事情。",0,今天想喝白桃乌龙茶,77569055
3542,2016,5,23,前几秒是调音。可参照林俊杰和自己对话专辑的第一首和陈奕迅shall we dance shall we talk的第一首,0,bittersweet123,64863669
3543,2016,5,23,渴望源于对生活不枯竭的动力，动力又衍生成对更好生活的渴望。而我缺少动力又没有渴望，你若是现在问我对于未来有什么打算。我一定会回答走一步算一步吧。这个时候如果你抬头就能看到我眼中流露出对自己的悲哀。其实我也想改变，也必须改变。我听这首歌总是会有一种想要前进的渴望，恩，在追逐中追逐着,2,像只狗的那个人,35942341
3544,2016,5,23,人生第一张专辑就是孙燕姿的当冬夜渐暖,0,懒酱QwQ,43070821
3545,2016,5,22,以前可以因为一首情歌哭到稀里哗啦，遇上喜欢的歌可以单曲循环一个月而依然心动，可以三年如一日的喜欢同一个人。那份简单纯粹是怎么做到的。现在的心是麻木了吗[撇嘴]。terrible。,0,文秋秋秋,280189691
3546,2016,5,22,我又失败了,0,小喵听着音乐想心事,127081190
3547,2016,5,22,发现这首歌的时候评论才100多啊！现在~,0,帐号已注销,94581305
3548,2016,5,22,这专辑独爱此歌,1,HFUTLY,279977378
3549,2016,5,22,[大笑][可爱][憨笑][色][亲亲][惊恐][流泪][亲][呆][哀伤][呲牙][吐舌][撇嘴][怒][奸笑][汗][痛苦][惶恐][生病][口罩][大哭][晕][发怒][开心][鬼脸][皱眉][流感]这样就知道这些表情具体啥意思了，发现我好聪明，[奸笑],1,可可可可可love,269745314
3550,2016,5,21,前几秒是什么鬼？？？,0,Call_me鹏鹏,49409427
3551,2016,5,21,我听着  时间的沙像首歌  有多少曲折  轻轻哼着  抚平了,4,途经山谷_遇见麋鹿,274617590
3552,2016,5,20,520 在没有遇到你时我会好好的爱自己，好好陪着自己，有时会害怕，但是我一想到你和我一样也在等待着就会觉得幸福，我会好好的，你也要好好的，我们一定会在路上遇到的。,4,Charlinwanna,60029549
3553,2016,5,20,[亲亲],0,可阳快飞,115746724
3554,2016,5,20,突然好佩服自己 自理能力max,0,柴米油盐酱醋茶叶好喝,123600041
3555,2016,5,20,小轩在不在，小轩在不在,0,被梦遗弃的少年丿,116293334
3556,2016,5,20,[强][强][强],0,大浪淘沙子,103476554
3557,2016,5,18,一样的坚如磐石,0,此间不过愚人,111446742
3558,2016,5,18,一开始都没留意的一首歌，越听越有味，我姿的味道,0,微笑神态,257904557
3559,2016,5,18,时间的沙像首歌,0,张玉梅Jade,91883130
3560,2016,5,18,璀璨了,0,张玉梅Jade,91883130
3561,2016,5,18,表示单曲循环了一天。,0,-邻家姑娘,87687840
3562,2016,5,17,[可爱][可爱],0,时过境迁_我最爱你,118161531
3563,2016,5,17,hh谢谢祝福[亲亲]人生无巧不成书~这样都能碰着我嘉的迷妹我真开心啊 !!,0,orangeadec,9072020
3564,2016,5,17,一定会 真的 点开了你的头像 你的背景墙上也是我最喜欢的 歌单也有我喜欢的王嘉尔 茫茫人海 突然就流泪了,0,时过境迁_我最爱你,118161531
3565,2016,5,17,终于是等到了。希望明天面试顺利如愿以偿🙏,0,orangeadec,9072020
3566,2016,5,17,[亲亲],0,夏夏夏夏天ing,73507690
3567,2016,5,17,06秒有一声咳嗽,0,孙东东的枪,115071838
3568,2016,5,17,手松了 伤愈合,0,甜个蕾,106718008
3569,2016,5,17,会遇见你的,0,帐号已注销,116676699
3570,2016,5,17,舍不舍？ 我呢，试不试,0,AndoNozumi,278232569
3571,2016,5,17,加油！,1,最最最可爱的美丽,268068512
3572,2016,5,17,高三的路像首歌  有多少曲折    在追逐中追逐着，就这样坚持着！,1,最最最可爱的美丽,268068512
3573,2016,5,16,“在孤独中孤独着，才懂安静的渴。”,2,尧青Susu,83234659
3574,2016,5,16,嗨起来,0,猴子hhhp,118820392
3575,2016,5,16,我今年才开始听，新粉21岁[呆],2,EmilieAdams,77662760
3576,2016,5,16,我也是哈哈,0,EmilieAdams,77662760
3577,2016,5,16,这歌2014年的……,0,EmilieAdams,77662760
3578,2016,5,16,越听越好听，好歌耐得住循环~,0,EmilieAdams,77662760
3579,2016,5,16,失恋又失去朋友，来听燕姿治愈下,0,Taraaaaaaaa,135854354
3580,2016,5,16,在孤独中孤独着，才懂安静的渴,0,嘟是宝宝的菜,123114505
3581,2016,5,16,燕姿的这专感觉有几首歌，某个点，弄个旋律总能直击我的内心深处，直捣我的灵魂……,1,EmilieAdams,77662760
3582,2016,5,15,虽然听过好多次了之前 今天再听有淘到好歌的感觉🙈,0,chencp,66896148
3583,2016,5,15,我算什么啊,0,上单路人王,89310816
3584,2016,5,14,如果可以的话，请姿亲们支持我整理出的歌单  “燕姿那些评论过千的歌”，姿迷无处不在，燕姿无可取代[憨笑],2,朝言夕卜,79162369
3585,2016,5,14,@惠比寿麝香葡萄 ,0,打死栗子,47255256
3586,2016,5,14,姿妈[爱心],0,佩索阿雨,42191823
3587,2016,5,14,这么多年过去了，女歌手里依旧最喜欢姿妈的声音。,1,J-1307,112451754
3588,2016,5,14,有多少曲折呢？有多少寂寞呢？[皱眉],1,傅_十三,258831027
3589,2016,5,14,好听不上火。[呲牙],1,我在未来等你来,137148830
3590,2016,5,14,前奏简直…太抓耳朵,0,V-Lancelot,12124976
3591,2016,5,14,好听,0,Lisa-zhuo,255557493
3592,2016,5,13,不避小心回避我们对你投射来的惊羡目光，众生芸芸，无法免俗。祝程同学好运，加油。,2,你来的那天大雪纷飞,128963827
3593,2016,5,13,嘻嘻嘻,0,天空总是那么黑i,133049858
3594,2016,5,12,好[兔子],0,爱睡觉的芝麻糊,112107335
3595,2016,5,12,时间偷走了什么  又留下来什么,0,四月景,109277184
3596,2016,5,12,喜欢排版，也喜欢歌,0,老坛香菜,105715802
3597,2016,5,12,已经记住😂,0,你叫我我也不答应,62900892
3598,2016,5,12,喜欢燕姿很久很久了，不会经常听，但却是心情不好时，唯一想听的声音,0,大头洋葱Q,101541272
3599,2016,5,12,thirst[亲亲],0,海海海里,7661500
3600,2016,5,12,完了，洗脑了……好听[大哭],0,EmilieAdams,77662760
3601,2016,5,12,K,0,陈骏骏-,98325117
3602,2016,5,12,会好起来的 我也相信,0,Z_算云烟,127554858
3603,2016,5,12,"深雪之夜，一个雪人矗立在雪地里。
所有人都在梦中酣睡，谁也不知道，
一颗零下三十度的心，是多么炙热。",0,丑小鸭是白天鹅,96937650
3604,2016,5,12,正在背单词   看到thrift这单词就想到了我姿的 这首歌😂听完再背😆,2,你叫我我也不答应,62900892
3605,2016,5,12,好听,0,EmilieAdams,77662760
3606,2016,5,12,没事的[可爱]都会好的。,0,一浣,97985887
3607,2016,5,11,璀璨了！,0,你喜欢的那种女孩,56029650
3608,2016,5,11,大学毕业了 现在在回家的车上 昨天失去了一个曾经我很好的室友 今天我的男朋友也没了 他说他要再主动给我发消息他就不是人  我也不后悔 该离去的就离去吧 还好有音乐,8,Z_算云烟,127554858
3609,2016,5,11,时间的沙像首歌,1,YuXXuY,36500527
3610,2016,5,11,哈哈哈哈走心的懒人运气不会太差,0,龙有浪,134547259
3611,2016,5,11,"天要下雨
娘要嫁人
我要娶你",0,一蓑烟雨偕卿隐,6208971
3612,2016,5,11,哈哈哈我也是，天天脱盐,0,机械小野兽,60778111
3613,2016,5,11,天啊999了,0,欧文鲁克,68122400
3614,2016,5,10,渴追奔,0,路渝远方,88473282
3615,2016,5,10,不想重来任何一步  这就是我 ✨,0,Murasaki9ss,86621806
3616,2016,5,10,让不安的心 永不干涸！,0,Charlene_Liu,32717470
3617,2016,5,10,自己的璀璨自己认可就好，何必要求别人去认同,0,秋筱香沒頭腦,270232617
3618,2016,5,10,可以我是威海职业学院，但我一样没有辜负我自己。,0,帐号已注销,264694053
3619,2016,5,10,[星星],0,小黑优,265580478
3620,2016,5,10,心里是难过的,0,孤晏南飞,264251364
3621,2016,5,10,得好好学习[大哭],0,孙燕姿的锁骨,17714009
3622,2016,5,10,蟹蟹[呲牙],0,HOMIQI,98828293
3623,2016,5,10,加油！会璀璨💕,1,病茶奶盖,97233694
3624,2016,5,10,😀😀😀,0,你好-旧时光1997,126477177
3625,2016,5,10,一听便爱上的歌,0,帐号已注销,107770235
3626,2016,5,10,不错,0,飯沒餾透,263738375
3627,2016,5,10,还剩25天高考，加油。即使上不了名校，也不辜负一路走来的自己,2,HOMIQI,98828293
3628,2016,5,10,加油！我当时中级没过，下次直接裸考高级，过了…,0,雪纺猫,123551269
3629,2016,5,10,miss u,0,艾瑞克5441,262451750
3630,2016,5,10,连续遇到两个中分男了[呲牙],0,仲序十三,36859072
3631,2016,5,9,在孤独中孤独着,1,hxm的童年,63736199
3632,2016,5,9,加油。我也是山大的哦。不过是威海校区,0,你好-旧时光1997,126477177
3633,2016,5,9,今晚都是她的歌！,0,Jarjar616,47589668
3634,2016,5,9,如果有什么坏心情就留在这里吧。对，我不开心。,0,清泽心雨,125665160
3635,2016,5,9,哇  活捉一只学霸学姐,0,郑大钱在未来等你,57248726
3636,2016,5,9,谁家的宝宝这么萌，没人要我就打死了,2,她暖了冬天er,95556435
3637,2016,5,9,不应该是“宝宝心里苦，宝宝却不说”么,0,她暖了冬天er,95556435
3638,2016,5,9,经历过多少伤痛才能够淡然唱出这样洒脱的词,2,深田绘里,128805832
3639,2016,5,9,不开心了[怒],0,汽儿茶,259881872
3640,2016,5,9,手松了,0,蠢肥丑胖智障,7085275
3641,2016,5,9,是啊 好奇怪 前两天看还没999,0,说放弃要放哪里,9683208
3642,2016,5,9,关于这首歌 没有回忆的共鸣 只对人有感觉 。第一次知道孙燕姿应该是在两千年初，在同一首歌做的一期台湾元旦节目里，中性打扮，素颜妆，酷酷的，皮质机车服，牛仔裤……好吧，那是十五年前的事了…,2,路千寻,275072272
3643,2016,5,9,赶紧睡吧,0,有痣,79462113
3644,2016,5,9,能睡吗？天都亮了,0,仲序十三,36859072
3645,2016,5,9,人终究是要从低谷爬上来的，但是，已经经历过痛苦的他，会比从前更坚强，懂得更多，于是，他就成长了，往往看似简单的成长，都伴随着让他铭记一生的痛苦,0,麻麻我不做人啦,88431349
3646,2016,5,9,荒废了的学业追回来，两个月的复习计划缩短成了20天，突然就很内疚。BEC加油！,6,龙有浪,134547259
3647,2016,5,8,一句好累不知道发给谁,2,Azhhl,117667169
3648,2016,5,8,打破1111,0,林学长好,261026030
3649,2016,5,8,@橘颂先生 她的声音还是一如既往啊,0,帐号已注销,100855918
3650,2016,5,8,我也是同济的。。给你赞一个[强],0,floraocl,255462070
3651,2016,5,8,你这么葫，你妈知道么,0,一叶横飞过大海,262150230
3652,2016,5,8,这首歌才出来的时候和男朋友分手了，拿这首歌来鼓励自己走出来，可是怎么都走不出…半年之后男朋友和我重新在一起了，一直到了现在，再来听真的眼泪要掉下来,0,love-thee-so,42811267
3653,2016,5,8,[幽灵][幽灵][幽灵],0,tt喵呜,111515885
3654,2016,5,8,我萌🐽我好萌🐽我特别萌🐽我不能再萌🐽我怎么这么萌🐽我为什么这么萌🐽我怎么可以这么萌🐽我这么萌你舍得打我吗[猪],0,TT後琪,136669563
3655,2016,5,8,我居然在听。孙燕姿。但是蜜汁喜欢。,0,Helentyy,126048205
3656,2016,5,8,什么区啊？,0,我这么帅的男人去哪找,110473413
3657,2016,5,8,这首歌怎么突然上来了？[大哭],1,帐号已注销,96032522
3658,2016,5,8,不管是前一个大学还是后一个大学都厉害厉害,1,西瓜地里看太阳,76002093
3659,2016,5,8,你想在什么区,0,好暖好暖一颗心,246986066
3660,2016,5,8,安静的渴…卸下了,1,好暖好暖一颗心,246986066
3661,2016,5,8,这首歌给了很多人学习的力量    这是我看评论得出来的,5,依赖你1001,53074194
3662,2016,5,8,特别好听,1,MerinaC,7635808
3663,2016,5,8,这首歌怎么一下子就冲上去了？[惊恐]你们倒是说说你们是哪来的观光团呀[大哭],0,Cagurls,57342479
3664,2016,5,8,[亲亲][亲亲][亲亲],0,可阳快飞,115746724
3665,2016,5,8,图书馆是个听歌的好地方☺,1,孙燕姿的手,100429699
3666,2016,5,8,意识流，想怎么理解就怎么理解😂,0,wyyyyyyyyyyyyyyyyyyw,258565399
3667,2016,5,8,[爱心]晚安～,0,---99--,86214391
3668,2016,5,8,在孤独中孤独着,0,尊贵的黑胶会员,126764110
3669,2016,5,7,我也是同济的[憨笑],0,兔兔兔兔兔兔图i,125833830
3670,2016,5,7,大学毕业时候一直陪伴的歌～现在重新听，很多感触～触泪点～[哀伤][哀伤][哀伤]握紧的手松了～,1,-子-不-语-,68335730
3671,2016,5,7,在孤独中孤独着，才懂安静的渴。,0,荔十五,123459106
3672,2016,5,7,高中的夏天，电扇搅动空气的，桌子粘在手臂上。,0,halasc,78271566
3673,2016,5,7,好听不错。只是我还不能理解歌词的意思😓,0,甜酒呱呱呱呱,252958245
3674,2016,5,7,好好好。,5,Caffe1ne,247612104
3675,2016,5,7,"看的出来，你是有音乐洁癖的人
",2,我这么帅的男人去哪找,110473413
3676,2016,5,7,哈哈哈哈哈 我都在南昌呆了快5年了[大哭][大哭],0,橙子橙子兮,80179811
3677,2016,5,7,我也在南昌读大学。。。往后。。只有力气陪与我真正有共同语言的人游南昌了。。,0,Keimiya,120379393
3678,2016,5,7,💪🏻💪🏻💪🏻,0,桂花糕_,45748433
3679,2016,5,7,等你一个回头[可爱],0,前进吧十三,117057042
3680,2016,5,7,适合今天的天气🙃,1,Shirleylym,44721771
3681,2016,5,7,为什么一下子突破999+了？这种速度…,0,薛定谔的purpurpur,82941155
3682,2016,5,7,加油[亲亲],0,tsjstb-GYY,131026844
3683,2016,5,7,嗯嗯[亲亲],0,tsjstb-GYY,131026844
3684,2016,5,7,在孤独中孤独着，才懂安静的渴,2,厌氧菌的小太阳,247234270
3685,2016,5,7,现在在济南 希望明年在武汉武大[可爱] 加油,1,Upoa,95666147
3686,2016,5,7,哈哈哈有道理,2,如穷追一个梦呀,246641927
3687,2016,5,7,如果有一天，我们因下载盗版音乐罪被抓了，希望狱警能够按音乐风格将我们区分关在一起，美cry[大哭],130,用一生寻找自己-,44681308
3688,2016,5,7,在追逐中追逐着,1,自愈瑣記,76841516
3689,2016,5,7,我说我看得出，有的人是有灵魂的，而有的人没有。这首歌便又给我一个途径去识别,0,GeneralShark,63475397
3690,2016,5,7,[哀伤],0,月永小狮子的记号笔,30642472
3691,2016,5,7,有多少曲折,0,-阿cu,99987480
3692,2016,5,7,好好加油。这条路我也会走,0,翻滚吧M,87689269
3693,2016,5,7,高中时候听孙燕姿最多 研究生听王菲最多 现在听感慨年少时光 ,0,兰言寄墨,259690769
3694,2016,5,7,同是考研党，希望能考去成都，一起加油呀~,1,--歌,64480877
3695,2016,5,7,坐在寝室里，然而已经是要考研的人了，还这么浪费时间,0,谁的耙朵朵,123217218
3696,2016,5,7,加油呢,0,_Stupendous,64303052
3697,2016,5,7,我在重大等你。。。,0,楼上来的声音i,89039025
3698,2016,5,7,现在正在图书馆看着考研高数，但愿明年此时可以在重大图书馆听这首歌[呆,2,tsjstb-GYY,131026844
3699,2016,5,7,晴天，五月，我坐在树荫下 塞着耳机，把音量调到最大，听着这首歌，想着远方的你。你说你最爱孙燕姿，我想像着你在日本安静的小镇，听着她的歌，些许忧伤，些许平静。,7,星空-烟火,253195602
3700,2016,5,7,好听,0,利拉德00,268915174
3701,2016,5,7,👌,0,利拉德00,268915174
3702,2016,5,7,请教教我如何考上托福就能去纽约上大学[呆],1,丿亅丶丿丨丨,78803848
3703,2016,5,7,下午好,0,孙燕姿kepler_,74997392
3704,2016,5,7,热门第一的那个女孩我觉得你真棒,1,林宥嘉的黑眼圈,85856032
3705,2016,5,7,一瞬间眼泪就涌出来了,0,前方rubylly,120013570
3706,2016,5,7,我现在确实很渴,1,帐号已注销,107875004
3707,2016,5,7,天晴 忌多情 宜出行,0,BOOMYALIY,264895829
3708,2016,5,7,哈哈哈,0,裴秀智啊,32287686
3709,2016,5,7,希望你记住今天的心情，做一个会为自己勇敢的人,4,醒醒有吃的,104646488
3710,2016,5,7,[爱心],0,胸大了不起,136175670
3711,2016,5,7,每一次改变都是痛苦的，不被人理解，甚至横眉冷对千夫指。但在不知所措的时候，任何改变都是对的。,1,彭-俊,50730209
3712,2016,5,7,哈哈哈哈哈哈哈哈哈哈哈哈有毒,0,不妙龄子,246591320
3713,2016,5,7,大神[大哭],0,陳滾滾,77315364
3714,2016,5,7, 上次听这首歌还在北大图书馆跟同学做雅思试题 如今坐在了剑桥大学的教室 时间匆匆！,5,天空总是那么黑i,133049858
3715,2016,5,7,我喜欢你的头像 ,0,翟向远,5554821
3716,2016,5,7,第一次听，好听,0,hanszuo,261150520
3717,2016,5,7,加油吧 努力吧 未来才刚刚展开,1,其月其月,91205532
3718,2016,5,7,[爱心],0,孙燕姿的锁骨,17714009
3719,2016,5,7,好听[亲亲][亲亲],0,北暮yo,78043194
3720,2016,5,7,孙燕姿的声音永远是听起来那么舒服😌好好听,0,爱胡思乱想xxx,252477916
3721,2016,5,7,"遇到了一直很喜欢却不知道名字的歌
",1,帐号已注销,71293962
3722,2016,5,7,去年在合肥，今年在长沙,0,蜜柑的小狐狸,79059881
3723,2016,5,7,上次听这首歌时我在捡瓶子,1,郁闷为何愤怒,251680799
3724,2016,5,7,给宝宝听，也很喜欢,1,miniminis,251660534
3725,2016,5,7,还是了了无事的好,0,cherry_3248,107070118
3726,2016,5,7,学霸姐姐，同双鱼，真厉害！,0,Loc-ccc,96720801
3727,2016,5,7,手机铃声～,1,王多啦多啦,124423471
3728,2016,5,7,当我卸下了伪装哦原来也不过是那么脆弱。,0,氤氲Girl,132318852
3729,2016,5,7,-,0,lauccc,75755141
3730,2016,5,7,梦到你是安静的渴，寂寞一碰就醒。,1,于晏然,86233709
3731,2016,5,7,好听，安静的感觉。,1,无以名状的快乐与悲伤_,247073289
3732,2016,5,7,谁比谁好     不要只顾着看彼岸花开🌸,0,yi樱子,249968372
3733,2016,5,7,看到999+我就进来了,2,纯爱与野兽并存,261459719
3734,2016,5,7,爱你 燕姿,0,Savarna,71054676
3735,2016,5,7,ໂ[惊恐]ໃ,0,Annnyym,105730041
3736,2016,5,7,这首歌听着好舒服[爱心],0,看我可爱咩,65911192
3737,2016,5,7,每一次改变都是痛苦的，不被人理解，甚至横眉冷对千夫指。但在不知所措的时候，任何改变都是对的。,2,ANVNGJG,34525480
3738,2016,5,7,好好努力 奋斗[强],1,石语_,2622821
3739,2016,5,7,9,0,joychor_,94628676
3740,2016,5,7,在这里的评论里总能看到励志的言语，给人力量❤️加油,0,REN_hy,124197656
3741,2016,5,7,听着不由觉得这世上有音乐真好,2,Twelve____,131446326
3742,2016,5,7,孙燕姿。,0,狗嗨_,129976772
3743,2016,5,7,这么多年……只有燕姿才没有怎么变,0,陈嗔water,123842369
3744,2016,5,7,7,0,大杏仁er,106758785
3745,2016,5,7,6,1,氪金王豪粑粑,269059070
3746,2016,5,7,5,1,remercier2,123172146
3747,2016,5,7,4，早上听首歌,1,做一个农夫去种田,75573770
3748,2016,5,7,3   好听！[亲亲],1,听雨落窗台,105001505
3749,2016,5,7,2   早上7点打卡,0,_妳看起来很美味,100524040
3750,2016,5,7,1,0,HOMIQI,98828293
3751,2016,5,7,接下来 1000,0,嗯嗯嗯嗯57,253910100
3752,2016,5,7,我是999,0,嗯嗯嗯嗯57,253910100
3753,2016,5,7,好的,0,嗯嗯嗯嗯57,253910100
3754,2016,5,7,v号奢侈名品scc166688,0,晴天晴天先生,253952360
3755,2016,5,7,我帮你999+,2,小风扇吹啊,96947808
3756,2016,5,7,陪着我高考的一首歌,0,旸day,250572216
3757,2016,5,7,熬夜忏悔打卡,0,古力粥,135193729
3758,2016,5,7,[爱心],0,E奶萝莉m,247570730
3759,2016,5,7,我疯了989这是在刷评论嘛,0,我是22号,131045321
3760,2016,5,7,988,0,我是22号,131045321
3761,2016,5,7,987,0,我是22号,131045321
3762,2016,5,7,986,0,镰刀女侠,45153406
3763,2016,5,7,[爱心][爱心]原来以前听过,0,monmon--,99953996
3764,2016,5,7,渴。,0,士多啤橙苹果梨,84973324
3765,2016,5,7,999+,0,Lean_li-,108772475
3766,2016,5,7,渴啊,0,_____Sw,107050751
3767,2016,5,7,说不出来的感觉，好听！,0,如是如果的ru,133119331
3768,2016,5,7,"又一朋友来南昌玩
然而明天下雨
然而我再也不想去滕王阁八一广场八一起义纪念馆秋水广场红谷滩了
哦多尅
脚还没好 又得…
默默熏疼自己五分钟
想到 樊胜美他妈 就来气 好想跑进去 动手啊
不过这也说明这演员实在演得不错",1,橙子橙子兮,80179811
3769,2016,5,7,第979条评论,0,赵有才2333,106472855
3770,2016,5,7,听的心里暖暖的,0,夏小泽Lucas,44916611
3771,2016,5,7,下辈子成为音乐的一个🎵,1,我只是想看星星了,105156698
3772,2016,5,7,睡不着了,0,霏霏Yeah__,130535107
3773,2016,5,6,真的好听😭,0,嘛嘘啊,107223513
3774,2016,5,6,曾经的我执迷不悟的爱着syz的每一首歌[皱眉],0,胖子hi,72424258
3775,2016,5,6,曲折啊,0,你还记得吗_,104117269
3776,2016,5,6,[色][色][色]喜欢,0,吃小可爱长大的i,269022491
3777,2016,5,6,熟悉,0,一颗土星D,124484480
3778,2016,5,6,手送了 伤愈合,0,Jazysss,88276630
3779,2016,5,6,喜欢她声音，一开口就像找到了自己。。,0,萌呼蔷薇,254680468
3780,2016,5,6,િ[可爱]ી,0,Annnyym,105730041
3781,2016,5,6,去其它播放器搜一下试试,0,丽丽姑娘_,122468060
3782,2016,5,6,助攻咯,0,酒蛊似蛊,110724265
3783,2016,5,6,"五月。又是忙碌的一个月 
烂嘴烂脚 多喝水少走路 好好学习！
晚安[星星]",0,一只鸡眼子-,130819131
3784,2016,5,6,[爱心],0,sean-jm,53066109
3785,2016,5,6,女神[亲亲],0,了不起的老人家,37782426
3786,2016,5,6,[爱心],0,了不起的老人家,37782426
3787,2016,5,6,好听(ง •̀_•́)ง,0,憨憨西瓜儿,115165837
3788,2016,5,6,差40……,0,--因為妳--,98352935
3789,2016,5,6,加油,0,暗河桥北,271525125
3790,2016,5,6,孙燕姿小女神[爱心],1,没风也没你,114792632
3791,2016,5,6,999+,0,减二十斤,115116673
3792,2016,5,6,@腹黑了黑 ,0,刘一手大人,92807407
3793,2016,5,6,安抚下烦躁的心,0,町蝏葶婷,274121448
3794,2016,5,6,听她的歌  总是有一种说不出的感觉,0,Special_person99,246239983
3795,2016,5,6,好听,0,ColdMist,74602871
3796,2016,5,6,依然，爱你,0,鹤图图,74561238
3797,2016,5,6,就要离开了 把那些想哭的小心思都收起来吧 最后两个月而已,0,逗点逗逗点_,67522972
3798,2016,5,6,[钻石],0,欢喜城c,85746881
3799,2016,5,6,为了999,0,-绿诗疯子,522555
3800,2016,5,5,这首歌，听完内心好平静,0,别再奋力逞强,122065677
3801,2016,5,4,有人爱，好。,3,小蜜罐蚁,53171690
3802,2016,5,4,[呆],0,帐号已注销,96032522
3803,2016,5,4,好听啊,0,Guillice,34183815
3804,2016,5,4,燕姿是一代人的回忆，即使很久没听的歌，当熟悉的旋律响起发现这些歌我都会唱，它们是曾经陪伴了我们一个又一个夜晚的回忆…,0,负人君子Boy,33457290
3805,2016,5,4,璀璨了,0,你喜欢的那种女孩,56029650
3806,2016,5,4,燕姿的音乐真的是愈听愈有味道，我一直都是随机播放，我上班踩自行车的[可爱][可爱],0,Song我的憧憬,51600636
3807,2016,5,4,是时候专辑也下架了[流泪][流泪][哀伤][哀伤],0,Song我的憧憬,51600636
3808,2016,5,3,循环循环再循环,0,小飞龙_,250224083
3809,2016,5,3,只有我一个人听这首歌是断了尾的吗？？？,0,ZoeeeLee,103981107
3810,2016,5,3,听这张专辑的每个人都会有特别喜欢的一首歌 但有人喜欢整张专辑 比如说我,1,我老婆叫田馥甄,107658244
3811,2016,5,3,@Mensony 😪😪😪😪,0,TeenH,35527744
3812,2016,5,2,[爱心][爱心][爱心]太好听,0,王子面oO,249311860
3813,2016,5,2,[亲亲][亲亲],0,王子面oO,249311860
3814,2016,5,2,为999+助力,0,王子面oO,249311860
3815,2016,5,2,我还是安静的听歌吧。,0,Jogger我怀念过去单纯美好小幸福,44261342
3816,2016,5,2,清脑专用歌[大笑][大笑][大笑],1,薛定谔的purpurpur,82941155
3817,2016,5,2,总能在评论里找到志同道合的人,0,芈司鲤,101970902
3818,2016,5,2,后来才发现这首歌这么好听,1,龍二Mage,45729614
3819,2016,5,2,下雨天的南京，才睡醒，一夜的梦 主人公都是同一个人，在梦里还是被折腾的死去活来 ,0,laurel爱lamer,14224869
3820,2016,5,2,[色],0,尾岈,9688832
3821,2016,5,2,999,0,渭水明月,80750225
3822,2016,5,1,好听,0,孤岛上的一只鸟,84854569
3823,2016,5,1,999,0,陈总请珍惜,246108285
3824,2016,5,1,999,0,梦里梦不到的暖,39205962
3825,2016,4,30,[星星],0,欢喜城c,85746881
3826,2016,4,30,999帮顶,0,朴小柝,128075532
3827,2016,4,30,999+,0,kanon1990,252051993
3828,2016,4,29,第一次听到时 深夜走在大连的街头 海风习徐有一种沁人心脾的醉意。 现在，走在北京街头，未来是什么样子 我想我已经知道了,0,DefinitionX,39265335
3829,2016,4,29,[亲亲][亲亲][亲亲],0,oliveryyyy,85625555
3830,2016,4,29,999+,0,看我可爱咩,65911192
3831,2016,4,29,棒棒哒[憨笑],0,白羊Mmmm,108989146
3832,2016,4,28,我最爱的居然没破999,0,孙燕姿style,46541850
3833,2016,4,27,学霸啊,0,亲爱的华华,267999289
3834,2016,4,27,一直喜欢听孙燕姿的歌 也喜欢唱,0,你喔丶,81515296
3835,2016,4,26,很有韵味。独特感。,0,MoseterBear,125810790
3836,2016,4,26,渴,0,FRANCOSIRIUS,9972546
3837,2016,4,26,我2015的签名,0,十字街头29,84520410
3838,2016,4,26,孙燕姿洗脑中[色][色][色],0,V-Lancelot,12124976
3839,2016,4,26,副歌一出瞬间红心,0,毛毛毛mao,44106942
3840,2016,4,26,这首歌在这专里属于一听就爱上的啊，非主打没埋没了吗[晕],0,雨陨,31875806
3841,2016,4,25,只是每日听歌，每日打卡,0,帐号已注销,124859943
3842,2016,4,25,爱,0,超级呵呵哒,101589369
3843,2016,4,25,晚安啊宝贝,0,绵绵ss_,65689653
3844,2016,4,24,待我倒一杯水,0,新垣結衣的衣,113558510
3845,2016,4,24,好听，小学六年级就喜欢她了～那个时候喜欢的周杰伦，蔡依林，羽泉，小娃依然爱～我多深情,1,昨夜花花齐开,44463513
3846,2016,4,23,突然很喜欢她的声音[爱心],1,AHAHAHHAHhahahah,98812447
3847,2016,4,23,在星空卫视的mv里听到它 听了三句瞬间跳起来去百度,2,守妄者,256933127
3848,2016,4,23,爱孙燕姿[爱心],1,杀手Iris,93133182
3849,2016,4,23,卸下了 璀璨了(´⌣`ʃƪ),1,222R,78097393
3850,2016,4,23,只是每日听歌每日打卡,1,帐号已注销,124859943
3851,2016,4,23,助力999,4,帐号已注销,124859943
3852,2016,4,21,892,1,柚子爱吃橙子喝冰红茶,89350965
3853,2016,4,21,这首歌是我这张专辑里最有共鸣的一首，什么时候听都能给我前行的勇气！,0,云动心扰,257688467
3854,2016,4,20,第900，love u,0,蓄胡子,20024039
3855,2016,4,20,耐听,0,仁理,66277731
3856,2016,4,20,888,0,说放弃要放哪里,9683208
3857,2016,4,20,卸下了 就璀璨了,0,-你听得到Y,38671468
3858,2016,4,20,克卜勒这张大部分都听了，竟然唯独错过了这首，还好现在听到了,0,-你听得到Y,38671468
3859,2016,4,19,居然没有999,0,一蓝无余,99009507
3860,2016,4,19,为了999，+1,0,不开心的树懒,252186910
3861,2016,4,19,第一次听就很喜欢,0,EachLin,112400678
3862,2016,4,19,最爱这首,0,Tzufeng-,54902743
3863,2016,4,19,开头很赞,0,叁皮先生,119976654
3864,2016,4,18,很爱这首,0,zyygreen,70240786
3865,2016,4,18,加油,0,野小玄,44137665
3866,2016,4,18,这首歌能进专辑前三,1,野小玄,44137665
3867,2016,4,18,为了999+！,0,薛定谔的purpurpur,82941155
3868,2016,4,18,学姐[惊恐][惊恐][惊恐],1,Sign78,91818300
3869,2016,4,18,这编曲，赞[强]🏻,1,EmilieAdams,77662760
3870,2016,4,17,克卜勒的歌都很好听  ～～,0,-风衣-,96406986
3871,2016,4,17,前奏炸了,0,喜欢既还是好,263881622
3872,2016,4,17,克卜勒最惊艳的一首歌,0,王子面oO,249311860
3873,2016,4,17,做毕业设计听到这首歌，大学呀，真的快。,0,mmmyyyyang,33767676
3874,2016,4,17,天哪。打错字了。😥😥是的。张悬的城市。😃😃,1,藍志烽,7218613
3875,2016,4,17,又上架了,0,一个匿名的网友,49469132
3876,2016,4,17,嘿，希望下次听这首歌的时候，我能坐在耶鲁大学的图书管理！,1,IMhypocrite_coward,115645464
3877,2016,4,17,前奏 嘈杂之后安静 之后响起的钢琴声 好像扎心脏一样的疼 直接哭了。这是什么手法 真吸引人啊。依稀记得在别的歌里也听到过。,2,豢养发光的巨鲸和潮汐,249699653
3878,2016,4,17,第一次听这首歌的时候，前奏听哭。莫名感动。,0,豢养发光的巨鲸和潮汐,249699653
3879,2016,4,17,你捧常想起渴有多渴 张悬吗,0,豢养发光的巨鲸和潮汐,249699653
3880,2016,4,17,记得高中的时候最爱是孙燕姿的笑,1,小飞机的金城武,81295847
3881,2016,4,17,爱你,0,尚好的遇见,108856810
3882,2016,4,17,很好,0,尚好的遇见,108856810
3883,2016,4,16,活着，就不要让爱干涸,0,漠派,72269066
3884,2016,4,16,之前怎么没发现这首歌那么好听！,0,黑暗不咬人,59300407
3885,2016,4,16,钢琴配燕子真的好完美[流泪],0,硒硒,258739742
3886,2016,4,16,事过 便会反噬,0,南囦,249914724
3887,2016,4,16,渴 歌名好评！,0,风箏嘞,70849967
3888,2016,4,16,[爱心],0,_babeblue,61413677
3889,2016,4,15,好听,1,用户111290015,111290015
3890,2016,4,15,越听越有味道,0,少女梦想家,56796638
3891,2016,4,15,第1000个赞！[可爱],1,敦也幸平,82949866
3892,2016,4,15,才这么点评论 我不服！！！巨好听 每年都翻出来单曲循环 ,0,黄灵泛,36366063
3893,2016,4,15,这歌还不错啊，为毛当初那么不爱呢？？？最后几句好屌的感觉。,0,amirural,67769053
3894,2016,4,15,我也渴了干涸了[呲牙],0,北极之狐,18473968
3895,2016,4,15,999助攻,0,朴小柝,128075532
3896,2016,4,15,手松了，伤愈合。,1,Leon_wait,93467884
3897,2016,4,15,最爱这首歌！！！！感动，好听，有内涵,0,Leon_wait,93467884
3898,2016,4,15,别问我为什么单曲循环 我就是渴了 干涸了[口罩][口罩][口罩],0,菁小霞,63412929
3899,2016,4,15,这首歌没破999，不科学[生病][生病],0,杜珍珍z,100060081
3900,2016,4,15,行[呲牙][呲牙],0,杜珍珍z,100060081
3901,2016,4,15,还计算什么，爱何曾干涸,0,欢喜城c,85746881
3902,2016,4,14,虽然不认识你，但我也会一直一直努力下去。,1,甲壳虫桐桐,79772491
3903,2016,4,14,女神的歌就是好听嘛,0,-折颜-,67441046
3904,2016,4,14,有一种淡泊于市的感觉,0,肥猫豆豆,265049433
3905,2016,4,14,陪我高三度过的歌，现在听来更多的是。回忆[流泪][流泪][流泪]好像回到高三，做没做完的题，谈没谈完的恋爱,0,他奔向山海,108748309
3906,2016,4,14,我会一直一直努力下去[爱心],1,南亩及微行,254648108
3907,2016,4,14,棒棒哒~,1,成小姿S,84991554
3908,2016,4,14,这首超好听，为999+尽份力[可爱],0,邱桑__,63475666
3909,2016,4,14,起风了,0,猴子hhhp,118820392
3910,2016,4,13,助攻,0,zizi注册ing,111145787
3911,2016,4,13,逆光,0,871的宝贝iu,263177965
3912,2016,4,13,时间证明999,0,隔壁喵了个咪,61534864
3913,2016,4,12,不科学啊！！！评论竟然没到999,0,好吧就土匪,93415768
3914,2016,4,12,早晚999,0,北极之狐,18473968
3915,2016,4,12,整张专辑最爱这首歌[可爱],0,豪豪锑Antimony,17352105
3916,2016,4,12,因为喜欢才多听几遍是理所当然的事,0,CC十七,103394661
3917,2016,4,12,因为爱你，多少事情可以睁一只眼闭一只眼[哀伤],0,郭冷冷边走边拾小确幸,87519880
3918,2016,4,12,是音质不好，还是我感觉有问题？,0,coc丶tt,58664714
3919,2016,4,11,[爱心],1,夜炉,246594704
3920,2016,4,11,这首歌是这个专辑里我最喜欢的，虽然评价并不高。,0,Mathilda-w,108653877
3921,2016,4,11,"为什么没有999+
",0,213寝室室长,107783656
3922,2016,4,10,喜欢孙燕姿的第一首歌,1,青丝绾君心-,73482994
3923,2016,4,10,我听着 时间的沙像首歌 有多少曲折 轻轻哼着 抚平了,0,Lution_,79140672
3924,2016,4,10,觉得这首最好听，早日999,0,四季春茶七分甜,1760098
3925,2016,4,9,他他他他她,0,他他他她呀,90689104
3926,2016,4,9,节奏很棒[色],0,fakeitbecomeit,90646458
3927,2016,4,9,999有我一份力,0,DDDDDDDDDDDL,78479455
3928,2016,4,9,“你喝扔常想起渴有多渴”,2,藍志烽,7218613
3929,2016,4,9,好像越来越喜欢孙燕姿了,1,帐号已注销,44612037
3930,2016,4,9,只是我个人并不喜欢那部分。,0,卖萌萌的小火柴,12355519
3931,2016,4,9,- - 不碍于（说3遍） 前奏只算个小彩蛋吧。,0,半纸药笺,126229473
3932,2016,4,9,好吧，我以为这首歌主要表达的是对内心宁静的渴，,0,卖萌萌的小火柴,12355519
3933,2016,4,9,前奏是掌声和欢呼声，对于一个歌手的渴，歌迷的掌声才是她最弥足珍贵的甘泉，这也不碍于表达这首歌的主要意思。,0,半纸药笺,126229473
3934,2016,4,9,这首真棒,0,帐号已注销,263539421
3935,2016,4,9,用这首歌画上句号，伤愈合。,0,aaa没有昵称,74028185
3936,2016,4,8,虽然这首歌没999+ 但是很耐听,0,爱山花,253031542
3937,2016,4,8,他们真的只会听一首歌，在，也不见出来后很多人到那里说等孙燕姿的青春，难道这里就不行吗？[怒][怒],0,Grey_ice,47227669
3938,2016,4,8,多听几次才特别好听的一首歌,0,value-time1991,57412081
3939,2016,4,7,被旋律吸引，被歌词感动。一个人在孤独中孤独着，然后虔诚的变成更好的自己，遇见你的预见，你到底舍不舍,2,IDEVEDE,13078529
3940,2016,4,7,难过死了，后悔没下载,0,张橐驼,77377959
3941,2016,4,7,最后一段好好听,0,Lution_,79140672
3942,2016,4,6,慢慢前进，慢慢努力，等着你开演唱会。。。[大笑][可爱],0,扬风十里,136418376
3943,2016,4,6,迷人的声音,0,一Will,119559756
3944,2016,4,6,现在能听啦,0,蛇蛇蛇皮走位,135555095
3945,2016,4,5,看不懂我意思的人我只能回呵呵。,0,CC十七,103394661
3946,2016,4,5,最熟悉的一首女朋友曾经唱过的歌,0,良丑,91540951
3947,2016,4,4,只是不明白为什么前奏要搞的这么嘈杂。,0,卖萌萌的小火柴,12355519
3948,2016,4,4,姿迷中真的好多学霸和有才华的人，我拖姿迷后腿了。,0,卖萌萌的小火柴,12355519
3949,2016,4,4,为什么听这首让我想起茶泡饭,0,misstefary,55157484
3950,2016,4,4,你就像个不懂事的小丑。来到一个陌生的地方，还都想逗着大家乐。,1,肖柏宇,261481740
3951,2016,4,4,好清淡 好喜欢,0,沂沫浅寒,47779023
3952,2016,4,2,"千山万水、我只为你而来。这说的是爱情。
退一步想、我们过于羡慕姜暮烟人前的美好、却常常忽略了人后再委屈也要哭着咬牙背材料的倔强。那些我们心里何德何能的人、都有着不为人知的坚强。才足够配得上那个美好的恩。只在人群中多看了你一眼。。。",0,Alone_Hunter,103811179
3953,2016,4,2,手松了，伤愈合——我认为这首歌里最有哲理的歌词~,0,小高今天画眉毛了嘛,95826360
3954,2016,4,2,太好听了简直。听的我嗷嗷哭。,0,_痴非愚,2627802
3955,2016,4,2,卸下了[哀伤],0,fva0,19020208
3956,2016,4,2,我也是啊 高一,0,咕喂啰,3674054
3957,2016,4,2,mv最有味道,0,帐号已注销,124859943
3958,2016,4,1,我是高中听逆光。。。,0,丨Era,89714293
3959,2016,4,1,最喜欢结尾那几句，最不喜欢开头的那一点,0,韩苗苗糊糊,90709077
3960,2016,4,1,[爱心],0,孙燕姿的锁骨,17714009
3961,2016,4,1,[爱心],0,孙燕姿的锁骨,17714009
3962,2016,3,31,为什么会下架 ？？,0,夏目和妖怪们,116098973
3963,2016,3,31,可以听啦！！！,0,擎天moun,2714614
3964,2016,3,31,好爱这首歌！！~~最近 么么么 十三姐,1,小豆瓣儿_,37086195
3965,2016,3,30,在追逐中追逐着 才懂漫步的渴  最喜欢这句,0,张梦冰-z,255284465
3966,2016,3,30,我是点赞888，你是学霸666[强],1,Doraaaachang,72773655
3967,2016,3,30,一年前，听着这首歌度过高三[亲亲],0,他奔向山海,108748309
3968,2016,3,29,最难过时候听的歌，,0,他他他她呀,90689104
3969,2016,3,29,睡吧睡吧睡吧,1,鸭鸭仔要呼呼,17363969
3970,2016,3,29,你们和我比已经太太太年轻了。我小学的时候听的是《我要的幸福》和《风筝》，老阿姨要捂脸哭泣了。。。,0,咕喂啰,3674054
3971,2016,3,28,一边写论文一边听的，没有注意什么词，但是感觉这曲子情感是比较积极的。挺好。,1,大空明,11396708
3972,2016,3,28,太喜欢这首。,0,古尔丹的扮演者就是我,94311647
3973,2016,3,27,燕姿，燕姿,0,stefanie龙,8728294
3974,2016,3,27,伤愈合～,0,yakemm,18181445
3975,2016,3,26,走着我就这样走着，穿越生命的沼泽，会遇见你的。,0,豪豪锑Antimony,17352105
3976,2016,3,26,999由我组成,0,许你一世浮沉_,127629651
3977,2016,3,26,真的天天盼燕帅的新专。,0,呼喊与细语_,251568232
3978,2016,3,26,很符合现在的心境,0,清姂,133600079
3979,2016,3,26,在孤独中孤独者,0,雨陨,31875806
3980,2016,3,25,怎么可能没过999！！！！,2,季一的枝,111092431
3981,2016,3,25,现在能听啦！,0,骨龄十七,100203667
3982,2016,3,25,逆光  我高中毕业了[惊恐],0,十字街头29,84520410
3983,2016,3,25,很好听的歌~~~~,0,xf帆,91895203
3984,2016,3,24,高三那段时间每天听这首歌，满满的都是回忆啊,0,丸子小艾,257541119
3985,2016,3,24,手松了，伤愈合，卸下了，就璀璨了[爱心],2,活像个女王,97372501
3986,2016,3,24,我也想说这句！！！,0,神人马里奥,34515720
3987,2016,3,24,好听,0,zlovestef,37262024
3988,2016,3,24,在追逐中追逐着 才懂漫步的渴。,0,吃可爱长大的J1m,126869925
3989,2016,3,24,不知为何 特别喜欢这首歌。,1,远比你想象的要可爱的多,101363120
3990,2016,3,23,起风了。,1,阿鱼苏陈,126496709
3991,2016,3,23,时间的沙像首歌,0,素鱼和酥油饼,78346293
3992,2016,3,23,这么好听的歌，居然没上999＋[怒],4,梯田上的搁浅,124875098
3993,2016,3,23,别来搞笑了,1,李奕迅,111023229
3994,2016,3,21,我多年的手机铃声[爱心],0,栈桥下的,79423636
3995,2016,3,21,好听,0,deli123,250451905
3996,2016,3,21,变态好听,0,GodShen2,249141698
3997,2016,3,21,大爱燕姿,0,9点人,124168580
3998,2016,3,20,"新人？这话你也敢说
",0,_浪淘沙,66240380
3999,2016,3,20,伴奏和歌词,0,OlivesFive,137146137
4000,2016,3,19,[呲牙],0,-hebot-,85760505
4001,2016,3,18,听不腻,0,福士苍汰,65751865
4002,2016,3,18,学姐好[大哭],0,富士ap,37041512
4003,2016,3,18,好听,0,GodShen2,249141698
4004,2016,3,18,发现这张专辑都好听,0,抵达啃了一个,46997630
4005,2016,3,17,莫名受到触动，尤其是背景的吉他伴奏和滑音，果断掉入。,0,饕餮2119,88536199
4006,2016,3,17,在追逐中追逐着 才懂漫步的渴 在孤独中孤独着 才懂安静的渴,1,QingQT,87663385
4007,2016,3,17,在追逐中追逐着 才懂漫步的渴,0,Y开心果,112046766
4008,2016,3,16,新人什么鬼？,0,红莲焰舞,66544940
4009,2016,3,16,燕姿毕竟是一个新人，唱得依旧带感,0,CC十七,103394661
4010,2016,3,16,总是推荐给朋友,0,CC十七,103394661
4011,2016,3,16,很耐听的,0,CC十七,103394661
4012,2016,3,16,心中第一歌,0,CC十七,103394661
4013,2016,3,15,单曲循环了好几天🌝可能也准备要和那个他分手了吧🌝顺其自然吧🌚做好自己🙈喜欢燕姿[哀伤]一年前燕姿的演唱会是他带我去的❤️等下次巡回如果有下次[拜]🏻,2,阿阿阿阿阿晚点,51192858
4014,2016,3,15,[爱心][爱心][爱心],0,辛小川川,57885324
4015,2016,3,15,这首超有感觉啊 评论居然没四位数[汗],2,那天与你邂逅的薇薇,7004245
4016,2016,3,14,[钻石],0,Jadry,9952964
4017,2016,3,14,最近感冒的人很多呀，不巧俺也中招了。忽冷忽热的乏力感，之后就是高烧。还好晚上出汗了。。这五年来对自己忽略的太多了，是该好好思考了。,0,美佗佗,68173473
4018,2016,3,13,[呲牙],0,Jadry,9952964
4019,2016,3,13,[可爱],0,Twister-,102588373
4020,2016,3,13,总觉得很多好歌都被名气掩埋住了,2,OhSehunie,130292924
4021,2016,3,12,"每次听孙燕姿的歌，都感觉很安静。想开了，一切都不是那么重要了。。
还计算什么。。手松了 伤愈合，卸下了 璀璨了",0,o冷笑话o,117758711
4022,2016,3,11,这歌越听越有感觉,0,下沉式绿地,98637395
4023,2016,3,11,渴了(╯>д<)╯⁽˙³˙⁾,0,孙燕姿的锁骨,17714009
4024,2016,3,11,高一中午大家都去吃饭了 我把屏幕放下来 坐在讲台下 看这首的MV,3,咸鱼阿京,54194649
4025,2016,3,11,越听越好听,0,九六可颂,36544110
4026,2016,3,10,这张专辑其实真的很棒,0,流氓eason,251612722
4027,2016,3,10,这首歌好神！！！希望有选秀节目会翻唱😐,2,王子面oO,249311860
4028,2016,3,9,打卡,0,第265天的呆滞,68308200
4029,2016,3,9,MV太美,1,E-V-Z,86643853
4030,2016,3,9,下架才好,0,纳纳姿,120546705
4031,2016,3,8,燕姿的歌每次听都不一样。,0,甜一分苦九分ya,50669579
4032,2016,3,8,起风了,0,甜一分苦九分ya,50669579
4033,2016,3,8,舍不舍,0,孙燕姿的锁骨,17714009
4034,2016,3,6,晚安,0,我可是文艺好青年,16881125
4035,2016,3,6,好美的伴奏…,3,么啵悦,89950924
4036,2016,3,6,就喜欢这种风格别致的歌[色],0,失眠的苏菲,48369143
4037,2016,3,6,喜欢燕姿7年 虽然时间不长  感觉蛮幸福的,0,没有小新的小小白,121331201
4038,2016,3,6,在追逐中追逐着 才懂漫步的渴,0,Junsu_Aime雪子,73545290
4039,2016,3,5,[流泪],0,Grey_ice,47227669
4040,2016,3,5,燕姿  燕姿 燕姿  ,0,MissMiko,34099761
4041,2016,3,5,[亲亲],0,帐号已注销,96032522
4042,2016,3,5,口渴，想到一首歌,0,LooAN,9819776
4043,2016,3,5,不破千 你们要上天！[大哭][大哭],2,xf帆,91895203
4044,2016,3,4,清水 蜂蜜 孙燕姿,0,Supericky_,57280338
4045,2016,3,4,燕姿,0,朴小柝,128075532
4046,2016,3,4,三年了,0,帐号已注销,126832172
4047,2016,3,4,起风了,1,帐号已注销,126832172
4048,2016,3,4,孙燕姿哪首歌不好听？,3,不瘦到两位数不改ID,128212474
4049,2016,3,4,前奏那几秒和《时空幻境》游戏里面的背景音乐是那么的相似！,1,音乐的流沙,7268189
4050,2016,3,3,[星星],1,欢喜城c,85746881
4051,2016,3,3,老姐那会儿很喜欢孙燕姿，还经常吹口琴，那会儿我还在幼儿园吧，现在都成年了，听孙燕姿依然别有味道,2,Cigarettes_After_Sex,120909006
4052,2016,3,3,第一次听这首歌，前奏很赞,1,念昔,3401833
4053,2016,3,3,燕子,1,清风明月江水边,63274117
4054,2016,3,2,这首歌和银泰一样越听越耐听[可爱],4,不靠谱的不靠谱先生,37270453
4055,2016,3,1,燕姿的歌，总能把人带入一个故事，只是每一个人的情节，或者说情结，都不一样。殊途同归的是，都会对过去有一种缅怀…,4,愚人的国度V,90406979
4056,2016,3,1,燕姿的歌，平淡中别有味道，很耐听呐,1,RRprincess,246195487
4057,2016,2,29,恭喜小李子终于拿到小金人，来之不易才更有分量！,1,WanderMoree,109200421
4058,2016,2,29,听到了贾盛强唱姐姐的几个音,1,venus已死,57880633
4059,2016,2,28,克卜勒已经两周年了，还是觉得这歌好听,3,8楼永远爱3楼,80342819
4060,2016,2,28,女朋友唱给我听的 嗯 她走了,2,MODERNSKY96,110473000
4061,2016,2,28,在追逐中追逐着  才懂漫步的渴      总感觉每首歌有属于它的故事  而孙燕姿的演绎方式   让这首歌充满魔力  让这个故事更加深刻,2,单纯找歌的童鞋,127249486
4062,2016,2,27,两周年快乐[可爱] ,2,stef虎牙,86952410
4063,2016,2,27,克卜勒发行两周年 再来循环,3,stef虎牙,86952410
4064,2016,2,27,😘,1,慢动作缱绻胶卷,61985803
4065,2016,2,26,[憨笑],1,Guberu,87770244
4066,2016,2,25,这首歌越听着好听。然后评论没有999+诶,1,回嗯哒会萌萌哒,61943364
4067,2016,2,24,这么好的歌居然没评论999[呆],1,hollocj,68142346
4068,2016,2,24,手松了 伤愈合 [哀伤],1,丶南柯,72796401
4069,2016,2,24,最近一直单曲循环[哀伤],1,丶南柯,72796401
4070,2016,2,24,越听越好听啊,1,丶南柯,72796401
4071,2016,2,24,打卡失败明天叠加 这张专辑出的时候也是心里压力最大的时候 有人backup也没那么难了 过了这么久变成要一起计划考虑 原谅我是风一样的双子 无法在看过世界前停止脚步 而且#只收roseonly,1,坎迪920,108002060
4072,2016,2,23,喜欢 虽然有点改变 不过大爱燕姿,1,夏目和妖怪们,116098973
4073,2016,2,22,好想也去纽约生活两年,3,童渣渣不丢人,48606666
4074,2016,2,21,有多寂寞呢,3,加州西岸,103638876
4075,2016,2,21,爱何曾干涸。喜欢这个调调。单曲循环两天了。[流泪],4,Levi子墨,101820340
4076,2016,2,21,克卜勒每首歌都像浅唱低吟，轻诉着对生活的感悟和执着，渴，越听越有味道。,3,角落里的琹,78130927
4077,2016,2,21,我也喜欢飘着,1,角落里的琹,78130927
4078,2016,2,21,晚呀～✨✨,2,一颗硬糖果,72317709
4079,2016,2,19,克卜勒专辑每首歌都好听,1,小小小昭鱼,31233228
4080,2016,2,19,很好听。,2,OhSehunie,130292924
4081,2016,2,19,那段时间发生了一些事，一直在单曲循环，总会把声音开到最大，大到听不到外界一切声音，感觉世界就只剩下了音乐，而忘记了自己，也就没有悲伤。仅此。至于其他时候，还是要保护耳朵啊[呲牙],2,Summer樱祭,10314366
4082,2016,2,19,哈哈，看到这里我笑了，哈哈哈。不一样的啊哈哈哈。心情不好的时候就不会觉得大声啦,1,我姿态略萌,111719375
4083,2016,2,18, 越听越爱,2,Steftian,96247194
4084,2016,2,18,ಥ_ಥ,2,锦水温山,103877761
4085,2016,2,15,我成绩还没出，但早就知道结果了[流泪],2,darxx,2883103
4086,2016,2,15,等待成绩是今天一天做的事 其他一切事都是为了分散我的注意力  全循环这张专辑 突然想的之前说过我为什么不去看周杰伦或者五月天的演唱会 而去听孙燕姿的 我想因为听她的让我感觉我是自己一个人而不是有人陪我,3,Counting-Soleil,67842291
4087,2016,2,15,我明年就刚好五岁啦,2,宇下天长,83018070
4088,2016,2,15,10：02,2,帐号已注销,96032522
4089,2016,2,15, 4:52,2,林守乐,55243746
4090,2016,2,14,"手松了 伤愈合

卸下了 就璀璨了[哀伤]",4,丶南柯,72796401
4091,2016,2,13,那年高二。那年 最喜欢的专辑克卜勒。仿佛就是昨天。  怀念曾经的自己,2,_寻欢做乐Cyh,49730785
4092,2016,2,13,听了一圈又一圈，还是你最好听。,3,Davy_Song,94277217
4093,2016,2,13,孩子你还小么 这歌也才两年,2,逆光逃亡,2872164
4094,2016,2,12,这首渴 我们都喜欢 很难唱 不过在KTV还是会点 我可以唱 你听我唱,6,由唱到听,117439976
4095,2016,2,11,我喜欢MV,3,雨天遇见隐形人,53055789
4096,2016,2,11,我想去听一场克卜勒。,4,ldy-lickem,91912287
4097,2016,2,10,听到这首我就平静,2,野兽沉默了,62252229
4098,2016,2,10,网易云音乐每一首孙燕姿的歌都是一个故事,4,克卜勒世界巡回演唱会,83076889
4099,2016,2,10,好的[大笑],2,Chigga_yuan,78497725
4100,2016,2,10,行走在沙漠里，从白天到黄昏，口渴，又漫无目的。偶然发现一片绿洲，便眺望着，追着着这未曾干涸的沼泽。最后在绿洲里慢慢看着天空卸下颜色，缓缓欣赏星星璀璨整个夜空。听着时间的沙，像一首歌，有一种孤独却安静的渴。,5,欧文鲁克,68122400
4101,2016,2,10,有机会可以来体验一下，但我觉得涂鸦文化还是德国那边更昌盛一些。,2,Cyber_Julia,57184604
4102,2016,2,10,真棒，我好喜欢纽约的街头文化，滑板，说唱，涂鸦，街头健身，，，，还有好多好多,1,Chigga_yuan,78497725
4103,2016,2,9,初恋推荐我听的，现在每次听都想哭,1,宇下天长,83018070
4104,2016,2,8,已经不再主动找你了 一个人喜不喜欢你其实自己心里最清楚 卸下了就璀璨了,7,说放弃要放哪里,9683208
4105,2016,2,8,咽喉痛，整晚躺在床上听歌,1,帐号已注销,17451104
4106,2016,2,6,好喜欢！♥,1,Kepler--,100101660
4107,2016,2,6,[狗],1,沉默是金199426,19605824
4108,2016,2,6,重点是伴奏背景里面的点点钢琴音啊啊啊~,1,帐号已注销,12333774
4109,2016,2,5,我灵魂中的裂缝，被你误认为是笑容,1,时光留人醉,103534312
4110,2016,2,4,这首编曲真的超级棒啊,1,莱莱莱莱莱,51531590
4111,2016,2,4,前奏怎么了,1,欧阳小小小小小小小小小小小小小,18879459
4112,2016,2,4,反复听个两三遍，OK中毒[色],1,澜本姿语,76707783
4113,2016,2,3,[星星][星星][星星],1,婕妃尔找不到北极星,52027209
4114,2016,2,2,[亲亲],1,oliveryyyy,85625555
4115,2016,2,1,开头的第一反应是林俊杰新专中的序曲,1,惊雷闻雪,58288148
4116,2016,2,1,[亲亲],1,oliveryyyy,85625555
4117,2016,2,1,早,1,caylaaaaefdch,96764227
4118,2016,1,31,克卜勒这种专辑的逼格真是高的起飞,4,fenbidti,60499632
4119,2016,1,31,新出的时候整个专辑最喜欢这首。突然想起来搜出来。,2,非人哉喵,93111173
4120,2016,1,31,燕姿永远是那么的棒，16年了，我的爱始终属于燕姿一个人[色],3,性感的屁哥,97589262
4121,2016,1,30,终于找到这首歌了,2,Grey_ice,47227669
4122,2016,1,30,1,1,_一只肥仔,100132190
4123,2016,1,30,终于找到这首歌了。😳,2,账号已超脱,37253332
4124,2016,1,29,Gank ,1,TIGERK1N,35847905
4125,2016,1,29,这个适合打野 - -,1,TIGERK1N,35847905
4126,2016,1,29,挺好听的却没有999+系列,1,两颗猫蛋蛋,77863811
4127,2016,1,28,今年回南天算是开始了么！！！大暴雨啊擦！！！宝宝保温杯里一杯子呕吐物，羽绒服上一袖子酒[大哭][大哭][大哭],1,蜂蜜柠檬红红红茶,50177364
4128,2016,1,28,好听,4,世上竟有如此出尘绝艳的女子,114314450
4129,2016,1,28,很耐听,1,Caracal09,57729112
4130,2016,1,28,哈哈哈哈,1,Caracal09,57729112
4131,2016,1,27,热评那个说带耳机开最大声的，你出来我不打你 真的 我耳朵都要聋了,5,1017号行星,53548935
4132,2016,1,25,:),1,avidya-,104291074
4133,2016,1,25,第600个回复~666666,1,暗星_西哎去斯,62532615
4134,2016,1,25,现阶段最喜欢的中文歌了，值得细细品味,1,晗时凌澤,74627551
4135,2016,1,25,还好现在有品味了 [可爱] 懂得什么是美,1,-Ever21,42751335
4136,2016,1,25,南京来看学姐。喜欢她却又不敢说[哀伤],2,Tzufeng-,54902743
4137,2016,1,24,但是我看到塔塔了,1,namjiyoung,61651035
4138,2016,1,24,大学霸,1,whispernonono,74642123
4139,2016,1,23,很喜欢，我姿最棒！,1,Kepler--,100101660
4140,2016,1,23,好难唱啊[流泪],1,IrisTwinkle,46894264
4141,2016,1,23,the voice of first love ,1,流泪的刀刀,56376956
4142,2016,1,23,飘着好听。。。。,1,流泪的刀刀,56376956
4143,2016,1,23,超喜欢超喜欢这首，希望她还有那些他们可以一直一直出专辑[爱心][拜],1,HEY水凡,106164538
4144,2016,1,23,其实很耐听,2,想飞的笨笨,124113457
4145,2016,1,23,歌很赞，mv一般般,1,椰子胤,144020
4146,2016,1,22,你还那么年轻，人生才刚刚开始，带着你的纯真和勇敢，穿越黑暗之海，抵向光明海岸,2,Amy卉卉,124551507
4147,2016,1,22,从风筝开始就喜欢她,2,Amy卉卉,124551507
4148,2016,1,22,最后一小节也是我的短信声[憨笑],1,Amy卉卉,124551507
4149,2016,1,22,爱何曾干涸💙,1,欢喜城c,85746881
4150,2016,1,22,还没有到999+啊,2,罗-波波,36046417
4151,2016,1,22,[亲][亲][亲]单曲循环了。,1,梳子su,82662837
4152,2016,1,22,这首歌和其实我还好陪伴了我整个高三,1,犹念青衣,70811384
4153,2016,1,22,总是听成 曼谷的渴,1,程啾,41491597
4154,2016,1,22,渴 饥渴？,1,Laa_ava,57060480
4155,2016,1,21,……,1,Fionababy乛,122418046
4156,2016,1,21,[爱心][爱心][爱心],1,欢喜城c,85746881
4157,2016,1,21,最后一个寒假，突然不知道做什么，身体不舒服不想看书，不喜欢看电视剧，喜欢的综艺没更新，没看小说的欲望，然后我告诉自己，那就听歌吧，就只安静的听歌，不要去想以后，也不要回想过去，这一刻，就这样安静的听歌。,4,过去的希望能过去,104107168
4158,2016,1,21,"感觉婚后的燕姿成了一个怨妇！是否良人不太称心？
[心碎]",1,A信天游A,49147565
4159,2016,1,21,高三的时候听着晚自习的一首歌 每次听的时候总是写不下作业…,2,麻芽,53755670
4160,2016,1,21,[色][色][色],1,olly的牙缝,34885501
4161,2016,1,21,歌词写得很好啊，感觉很舒服,2,ccc7cool,88611717
4162,2016,1,21,大学生好迷茫，不知道是考研还是出国,1,mhf0709,31776745
4163,2016,1,21,好听😊,1,云端马匪,117072458
4164,2016,1,21,刚开始听前奏还想切歌，，，开口我就决定听下去了~~棒~~~华语音乐是最屌的~~~,4,秦粉红,68020378
4165,2016,1,21,璀璨了,1,孙燕姿kepler_,74997392
4166,2016,1,21,我真是要把黄晟峰作曲的都听一遍！,3,不安利到家不安心,66507192
4167,2016,1,21,早,1,饭小樊,96486225
4168,2016,1,21,早上好！biu~,1,番碱泡入边系虹,81481243
4169,2016,1,21,上一个手机的时候下过这首歌 我说咋这么耳熟呢,1,陷入橙丝,49966053
4170,2016,1,21,学姐好腻害[强],1,持矢的大表姐,112284026
4171,2016,1,20,上下班路上听的好棒！,1,yuanliyun,57993369
4172,2016,1,20,太棒了,1,Machanii,100563195
4173,2016,1,20,好听[爱心],1,欢喜城c,85746881
4174,2016,1,20,[爱心][爱心][爱心],1,欢喜城c,85746881
4175,2016,1,19,[色],1,帐号已注销,111669371
4176,2016,1,19,最幸福的事就是收藏到了燕姿所有的专辑，CD，包括VCD版本MV，DVD版本MV，及孙燕姿出版过的各类演唱会VCD，演唱会DVD，孙燕姿纽西兰记实录，2003年18岁开始听燕姿，今年我31岁了[可爱],521,诗遇上歌__,34575941
4177,2016,1,18,想哭,1,遇不到,93699375
4178,2016,1,18,用了这么久的网易云音乐，还是一个人打开这个播放器，一个人听歌，一个人倔强地留在网易。[哀伤]还有你们从来不给我赞[哀伤][哀伤]多年以后一定会变化的吧,633,做人不嗨跟咸鱼有什么区别,79467461
4179,2016,1,17,因为我喜欢的人喜欢这首歌，所以我义无反顾地喜欢，虽然我不知道她有多喜欢，我只知道她专门为这首歌创建一个歌单。为什么我听着听着就想哭呢？四年了，什么时候才能忘掉你？,2,LLZQZY0214,98571318
4180,2016,1,17,还好我下载了！,2,Danee屹岱,56195964
4181,2016,1,17,听马哥唱过一次就爱上的歌,1,朝朝很安定,69552484
4182,2016,1,16,一听就爱上的歌必须有,1,CC十七,103394661
4183,2016,1,16,[爱心],1,oliveryyyy,85625555
4184,2016,1,15,你第一次听这个歌发生的事情 以后每次听都会想到,2,索亚7,123926415
4185,2016,1,15,爱这首歌爱到不想分享给别人,1,卢叶,93668646
4186,2016,1,14,很多近几年火起来的人，都像是快餐，吃久了必定会烦，也有人压根就不喜欢吃快餐不是吗？燕姿的歌像粗茶淡饭，每天吃也没什么感觉，一旦离开了，就会无比还念那种漫步的渴的味道！,8,雪贝特,31730818
4187,2016,1,13,Kepler里最爱的一首，评论怎么才500[呆][痛苦],3,EdwardHXu,59967209
4188,2016,1,12,这么多年 一听到燕姿的声音 总是会感动,1,Amfly,76632832
4189,2016,1,12,早餐店放了这歌，觉得蛮好听的。[可爱],1,一匹狼kazu,112529845
4190,2016,1,12,听到燕姿的声音就觉得特别好听 大一的时候校区不在这里 每次坐很久的公交回家 路上就一直听这首,1,卿酒酒17,119413730
4191,2016,1,11,学霸,1,凌枫gg,95279051
4192,2016,1,11,是我忽略了。,1,是小27吖,106458515
4193,2016,1,11,戴上耳机让歌在耳边喃呶着。,1,jumptian,68803834
4194,2016,1,10,2015单曲循环245次。,4,Summer樱祭,10314366
4195,2016,1,10,最近总有叹不完的气，在这个年纪尤其迷茫，有一种想法很多却怎么都无法再往前走一步的感觉。夜深人静的时候会心疼自己，可是总归天会亮，要坚强起来。四周是拨不开的浓雾。,8,白尔,248074
4196,2016,1,10,谢谢～,1,Cyber_Julia,57184604
4197,2016,1,10,校友在统计图书馆送来祝福~哈哈,1,四平路吴彦祖,94729913
4198,2016,1,9,听着燕姿的歌突然觉得很平静inner peace 💭,1,陈阿汝,57084620
4199,2016,1,9,听她一辈子[亲亲],2,走的很慢,120205091
4200,2016,1,9,好幸福的感觉 ,1,杰夫1991,38379010
4201,2016,1,9,时间偷走了些什么,1,白笑意,69141920
4202,2016,1,9,昨晚梦到一个女生 一大早怀疑自己的性取向 ,1,帐号已注销,16294326
4203,2016,1,9,爱上一首歌可能不是因为旋律多动听，嗓音多感人，而是因为，你恰好也有个故事,2,用户81483840,81483840
4204,2016,1,9,时光小偷专辑也下架了，听不了,1,诗遇上歌__,34575941
4205,2016,1,9,[憨笑][憨笑],1,恰恰芋泥,88832695
4206,2016,1,8,这首歌是我的闹钟，有一段时间。室友被吵醒以后都会哼哼在追逐中追逐着,2,黑夜清晰过白昼,96670505
4207,2016,1,8,也在nyu,1,远_远,65380699
4208,2016,1,7,璀璨了 ,1,程与昨,32810547
4209,2016,1,6,总有些音乐，其中的感情只可意会，不可言传。,1,胖乎乎的圆滚滚,72399764
4210,2016,1,6,静静看着歌词一行一行往上挪，觉得安静和孤独都是人生不可缺少的。安安静静孤孤单单听完这首歌，挺好的。,1,胖乎乎的圆滚滚,72399764
4211,2016,1,5,封面coco即视感,1,不过陌上花开,109786920
4212,2016,1,5,这首我给满分,1,闪泥啦啦啦,88079495
4213,2016,1,5,今晚我们都是孙燕姿的果儿,1,UziLoogies,31935479
4214,2016,1,4,[呆],1,Vvvvvv_7,53033985
4215,2016,1,3,卸下了，就璀璨了。,2,帐号已注销,81753242
4216,2016,1,2,想起一四年好多个黏热的夜晚和同桌，像大马哈鱼一样奋游的我们，像角马群一样奔跑的我们，像风掠过树叶一样稀里哗啦的我们,2,强心脏讲文明,5776957
4217,2016,1,2,因为我喜欢的人喜欢这首歌，所以我义无反顾地喜欢，虽然我不知道她有多喜欢，我只知道她专门为这首歌创建一个歌单。为什么我听着听着就想哭呢？四年了，什么时候才能忘掉你？,2,LLZQZY0214,98571318
4218,2016,1,2,燕姿的声音，怎么唱都好听,2,lsjsz,83203122
4219,2016,1,1,循环循环,1,香草女巫玛莎,42519778
4220,2016,1,1,[可爱],1,丼眠,3418384
4221,2015,12,30,夜晚，关上灯，在卧室里循环播放这首歌~想你。,1,夏小泽Lucas,44916611
4222,2015,12,30,[色],1,说的都是你以为,47398079
4223,2015,12,29,脑海画面：月夜之下，我安静的渴。回首结束的战斗，有惊无险，只不过是点红色。,2,长笛晨声,34539894
4224,2015,12,28,祝福你,2,mvpkelley,58045254
4225,2015,12,28,恭喜,1,mvpkelley,58045254
4226,2015,12,27,结尾亮点,3,谢大侠,36865689
4227,2015,12,26,有些歌 只能适合一个人的时候听。,1,向往北方的日子和乐子,75903833
4228,2015,12,26,小学在咪咕杂志上看到的逆光,1,versper,109514287
4229,2015,12,26,冷门好歌 谢谢你,2,馨香手中故,48812490
4230,2015,12,26,500。,1,CatchtheEarthmoon,63921536
4231,2015,12,26,是回忆中初恋的BGM,1,_状态不佳,44421556
4232,2015,12,22,加油！！！,1,向往北方的日子和乐子,75903833
4233,2015,12,20,@李昂蜀黍 ,1,医几o,102914274
4234,2015,12,19,我女朋友最喜欢的歌手是孙燕姿，每次她一生气，我就听孙燕姿的歌，试图找灵感…,1202,今生今世QGH,108805961
4235,2015,12,19,单曲循环听了一中午,1,甘肃深蓝,76234880
4236,2015,12,18,。,2,帐号已注销,107872392
4237,2015,12,18,我在路口眺望着,1,消失的盛夏,54553630
4238,2015,12,18,爱河曾干涸？爱何曾干涸！,2,说放弃要放哪里,9683208
4239,2015,12,17,我也是[憨笑],1,水帘洞帘主,104330857
4240,2015,12,17,考研最后十天，重听克卜勒,3,waynesun24,104885226
4241,2015,12,16,克普勒专辑适合安安静静循环播放,1,悠游的小羊,77874821
4242,2015,12,16,好听极了,4,谢大侠,36865689
4243,2015,12,15,爱何曾干涸。,1,再見蔥丸,67182395
4244,2015,12,15,走着 我就这样走着 穿越生命的沼泽 会遇见你的[爱心],1,niklell,108109146
4245,2015,12,14,去年浓夏的时候，我听着这歌围着古城墙走了一圈又一圈，耳机声音开的好像不太大，不然怎么能能听得到风临杨叶的淅索。可是我到底走了多久呢，能回忆的就那么几个，我还是无法想起来。我……想不起来了……对不起……,2,阿勤HL,77738769
4246,2015,12,13,483。,1,帐号已注销,107872392
4247,2015,12,13,这张专辑里最好的歌,2,以注销,11357709
4248,2015,12,12,一大早醒来就想听这首歌，燕姿，早安[亲亲],1,了不起的老人家,37782426
4249,2015,12,9,追,1,Gao_____,76431390
4250,2015,12,8,在追逐中追逐着，才懂漫步的渴。听说优美的歌词和旋律和燕姿的声音更配哦。,3,BostonRR9,66907709
4251,2015,12,6,太好听 克卜勒这种专辑简直绝了 好听哭,1,巨丢丢,62001273
4252,2015,12,6,我就这样走着 穿越生命的沼泽 会遇见你的,1,巨丢丢,62001273
4253,2015,12,5,冬季阴雨天，在宿舍，翻看知识产权法学的课件听着歌,2,左右shelorc,8823427
4254,2015,12,5,渴,2,杨玺东,72666535
4255,2015,12,2,整张词都很好！,1,YZKEPLER,42348015
4256,2015,12,1,[流泪],1,CGNH,65593562
4257,2015,11,29,[爱心],1,鵉喜隱山浪裡個狼,14140598
4258,2015,11,29,我错了,1,咘咕唧,64334244
4259,2015,11,29,还是不太理解歌词。,1,帐号已注销,107872392
4260,2015,11,29,穿越生命的沼泽,1,sonlystef,42401023
4261,2015,11,29,歌词有哲理,1,霜风洗月,83695431
4262,2015,11,27,21岁的年末 觉得好多道理想明白的时候都已经晚了  如果可以重来一遍多好 可惜时间也不会倒着走 ,4,什么瑶-,94258403
4263,2015,11,27,我不知道自己现在坚持的最后到底会换来什么 好难 ,2,什么瑶-,94258403
4264,2015,11,26,在追逐中追逐着 才懂漫步的渴 在孤独中孤独着 才懂安静的渴,1,华大斌,34521045
4265,2015,11,25, 461,2,安啦哦多克,59372733
4266,2015,11,23,从第一次听这首歌 身边来往过多少个人 爱何曾干涸,1,赤白干净的骨头,54254686
4267,2015,11,23,很厉害嘛,1,最帅的猪猪,89249081
4268,2015,11,23,安静下来。。。,1,KeplerChau,89939059
4269,2015,11,22,下午三点，天已经阴暗的不行了，最不喜欢再这样的意境里听这样的歌，悲伤无助的感觉抑制不住涌上来……,2,Travelforsoul,45646219
4270,2015,11,22,因为懂事  所以慢慢来 结果懒得去管 雨天雨还是不停的落下 无限大的天黑黑 奔 向左走向右走 渴了 飘着  风筝哪去了！,2,人生百态_劝君从容,91432522
4271,2015,11,21,在微雨的夜晚，独自行走在大学的操场上；在喧嚣的大街，独自游荡在人群之中，渴，这一刻，我内心被滋润了。。,2,人穷就要多努力_丑也一样,71574934
4272,2015,11,21,她逆光的时候我大学了,2,我要逆风飞向天空,62941420
4273,2015,11,21,克卜勒这张专辑是我印象里有史以来在华语专辑里唯一一张每首歌都好听的专辑，同意的点赞！,6,假装不正经00,38128457
4274,2015,11,20,卸下了 就璀璨了,1,Stef-木魚,70036533
4275,2015,11,19,此时正在听这首歌的我刚考完托福正在背GRE单词，一年后我也要璀璨！,4,陈知秋,51675332
4276,2015,11,19,安静地听着她的歌，很舒服！,1,strongbaby疯疯癫癫,81730158
4277,2015,11,17,我还剩下什么。,1,LIMYOONA90,50407888
4278,2015,11,17,每首都会唱，每首都想唱，每首都不敢唱，每次KTV的纠结，想唱怕毁,1,fluent战士求收敛,61644046
4279,2015,11,17,前面的那段抽离是什么,1,星期一的红糖渣,40321555
4280,2015,11,17,我欠孙燕姿一张专辑，不过现在已经买了，想来想去还是这张最合,1,帐号已注销,78462297
4281,2015,11,17,缓缓流淌过的细流,1,未完成s,52426699
4282,2015,11,15,这张专辑最喜欢的一首歌,1,悠游的小羊,77874821
4283,2015,11,14,你很美。,1,写春秋,66323136
4284,2015,11,13,真好。真好。真好听！！！,1,对三冬,42863089
4285,2015,11,12,～～～,1,举个西木,60673274
4286,2015,11,11,今晚听燕姿停不下来[憨笑],1,甜一分苦九分ya,50669579
4287,2015,11,10,听着燕姿的歌，什么都不想干,1,九月天下雨,99533167
4288,2015,11,10,有缘，你好！,1,Cyber_Julia,57184604
4289,2015,11,9,先来顶下我姿[可爱],1,捅咕,92694995
4290,2015,11,9,我现在却在同济嘉定图书馆里看书。。学姐好,1,bernielalalala,80963943
4291,2015,11,9,[爱心],1,ingredientSummer,52886543
4292,2015,11,8,么么哒,1,画个鬼,94856607
4293,2015,11,7,无可奈何。,1,八百里加急_,49693110
4294,2015,11,6,晚安,1,何宝荣z,82869818
4295,2015,11,6,喜欢,1,春柳榆钱,36921608
4296,2015,11,6,在追逐中追逐着  在孤独中孤独着,1,再来一杯奶茶啦-,50011934
4297,2015,11,5,[强],1,moltra,35278510
4298,2015,11,5,独特的味道[大哭][大哭][大哭],1,懒懒懒懒懒懒人,94319540
4299,2015,11,5,❤❤,1,兔子辰,30471555
4300,2015,11,4,有没有跟我一样循环播放然后听到泪流的。,7,阿蛮还有太阳花吗,9653629
4301,2015,11,3,好羡慕你~,1,在追逐中追逐這,92280876
4302,2015,11,1,[哀伤]准备切歌的那一刻“在追逐中追逐着”[呆]果断下载了,3,TrevorWz,34029433
4303,2015,10,31,手松了 伤愈合。,3,还是夏景,68493512
4304,2015,10,30,[钟情],1,新昵称还没想好,67339684
4305,2015,10,28,在孤独中孤独着[爱心],1,咖啡配雪碧,61067577
4306,2015,10,27,早点睡矫情逼。,2,iiaux,79760229
4307,2015,10,26,嘻嘻,1,xixihahaoh,7822530
4308,2015,10,25,在孤独中孤独中，才懂安静的渴,1,chocolateinnovation,41792100
4309,2015,10,24,璀璨了,1,第一折枝,33919442
4310,2015,10,22,❤️❤️❤️❤️,1,MyBackisTurnedOnYou,60278770
4311,2015,10,20,💓,1,水温要起雾,70140040
4312,2015,10,18,两个人，一个人努力着,1,第一折枝,33919442
4313,2015,10,17,放慢脚步...,1,溺水浮木,84094328
4314,2015,10,17,[哀伤][大哭][可爱],1,_Kepler__,79258204
4315,2015,10,16,🐒,1,Meow_M,39176868
4316,2015,10,15,怎么会有如此解渴的声音！！！！,3,xf帆,91895203
4317,2015,10,12,听歌 沉淀下来,2,7leave,41611268
4318,2015,10,12,渴,1,了不起的老人家,37782426
4319,2015,10,11,去年第一次听到，是同桌给我塞过来的耳机，她说这首最好听最好听。现在我两已经在两个不同的学校各种努力着，别人继续过日子，而我听着，时间的沙，真的像首歌。,4,楚天祥的_20,41309090
4320,2015,10,11,[憨笑],1,新昵称还没想好,67339684
4321,2015,10,8,[色],1,孙燕姿kepler_,74997392
4322,2015,10,5,在追逐中追逐着，才懂漫步的渴，当握紧的手松了，伤愈合，在孤独中孤独着，才懂安静的渴，当我卸下了颜色，璀璨了，还计算什么，爱何曾干涸,1,损ccc,88576210
4323,2015,10,5,会遇见你的,1,你的视线是谅解,48728206
4324,2015,10,5,我爱孙燕姿,1,未完成s,52426699
4325,2015,10,3,很舒服的一首歌,1,木贞日天,68451165
4326,2015,10,3,舍不舍···,1,weijing126,74239940
4327,2015,9,29,孙燕姿的歌曲各种喜欢,1,我所幻想的未来451554,94766157
4328,2015,9,28,第一次听在凤凰卫视，就被深深吸引了，怎么有歌这么好听。,1,杨KL,90684610
4329,2015,9,28,燕姿的这首歌的转音太好听了！,2,手捧鲜花寻你,82527066
4330,2015,9,27,咱们一样大[色],1,囧尼克精神病快好了,36563047
4331,2015,9,25,我才是真老了，逆光是我高考那年[大哭],1,晓东Davin,7213381
4332,2015,9,24,[爱心][爱心][爱心],1,翼叔,11851621
4333,2015,9,23,还计算什么 爱何曾干涸 ,1,飞洒的胡,50679936
4334,2015,9,21,手松了  伤愈合  卸下了  就璀璨了。,1,饭饭之蓓-,81326591
4335,2015,9,21,手松了  伤愈合   卸下了  就璀璨了 ,1,饭饭之蓓-,81326591
4336,2015,9,21,加1,1,晗时凌澤,74627551
4337,2015,9,20,淡淡淡,1,符主任,1152037
4338,2015,9,19,漫步的渴,1,举个西木,60673274
4339,2015,9,18,燕姿晚安！,1,大英帝国五连发,44598564
4340,2015,9,16,@value-time1991 这首越听越好听诶~,1,松树不爱睡觉,46168396
4341,2015,9,14,又下雨了……,1,越山薇,87774863
4342,2015,9,14,舍不舍？,1,TwilightSunset,48532534
4343,2015,9,14,我要飞起来了,1,HydrangeaXXX,41500852
4344,2015,9,13,在追逐中追逐着，才漫步的渴，当握紧的手送了伤愈合,1,水映夜,80533496
4345,2015,9,12,，           ,1,cheyenne2,58745886
4346,2015,9,11,第6秒有燕姿的咳嗽声...那个词我忘了怎么说😂,2,Ai_Syanzi,45409645
4347,2015,9,9,@灰色的折木 @荔枝TIAN @鱼儿在清澈的里游泳丶 @您所看到的用户正被通缉 ,1,MiumiuPonyo,31959699
4348,2015,9,9,安静,1,密斯sheeeeep,72084901
4349,2015,9,7,[亲亲][亲亲][亲亲][亲亲][亲亲],1,黑x星,51450193
4350,2015,9,7,在孤独中孤独着,1,Kiss聿,1379212
4351,2015,9,6,相见恨晚的歌,2,我讲正经的,75161756
4352,2015,9,5,在孤独中孤独着 才懂安静的渴……,1,大眼睛的刘胖子,55734389
4353,2015,9,5,[礼物],1,看见我耳机了没,47370522
4354,2015,9,3,克卜勒中最为特别的一首[亲亲],4,TwilightSunset,48532534
4355,2015,8,31,繁华声中自有宁静之处，狂欢中也有人独自忍受着孤独,650,做马思唯的猫,18528091
4356,2015,8,31,[禁止],1,吃不到早餐,35450474
4357,2015,8,30,渴,1,孙燕姿kepler_,74997392
4358,2015,8,30,365，正好是一年的天数，回环往复。记着自己的感动啊，有些东西若是忘了会比忘记怎么呼吸还让人后悔。,2,寻难,72211163
4359,2015,8,28,这么好的歌为什么听的人这么少= =,2,风见春,56241492
4360,2015,8,27,听着这种歌的时候最怕看评论 可是还是忍不住看看,4,soul新,51028373
4361,2015,8,27,孤独。。。半夜听这首歌也是服了自己,1,孤水只鱼,56835288
4362,2015,8,26,最近愈发热闹了，一个月来的缝缝补补亦接近尾声，果然，还是要开学的。,1,了ydia,15292756
4363,2015,8,25,我听着，时间的沙像首歌,2,背了个影,26852587
4364,2015,8,24,渴,1,举个西木,60673274
4365,2015,8,19,[色],1,极寒北地,74192665
4366,2015,8,18,那是因为我和你一样都是高三听着孙燕姿的新专辑去高考的,1,dkasjhjkhgk,79464952
4367,2015,8,18,我也是,1,像老田一样努力啊,40642415
4368,2015,8,18,今年大一，马上大二了,1,dkasjhjkhgk,79464952
4369,2015,8,17,喜欢专辑,1,荐轩辕2014,84959270
4370,2015,8,16,在不开心的时候，她的歌声是最大的慰籍！十几年的感情确实不是虚的.,2,小叶的菜园,60873878
4371,2015,8,12,[色][吐舌][爱心][强][星星],2,帐号已注销,31796857
4372,2015,8,12,燕姿的声音太好听[流泪],1,如如露亦如电,64172724
4373,2015,8,12,早晨起来听很有感觉,2,拒絕讓座,84382174
4374,2015,8,10,爱何曾干涸[可爱],1,Tiredbro,77138828
4375,2015,8,9,高三那年，单曲循环，同桌，你可还记得高考前三个星期的那个夜晚，我们牵手走在无人的校园，你为我煮馄炖，大半夜的你瞪着我我瞪着你，不知道怎么就睡着了……,2,--M--Y--,79853838
4376,2015,8,9,高三那年一直单曲循环，胡思乱想了许多……,0,--M--Y--,79853838
4377,2015,8,9,这首听着好舒服好安静再次点赞,0,欧文鲁克,68122400
4378,2015,8,9,越听越停不下来,0,像素小人吃不饱,84213695
4379,2015,8,9,这张专辑刚出的时候最喜欢这首了,0,三个柚子丶,437010
4380,2015,8,7,😘😘,0,举个西木,60673274
4381,2015,8,7,愿无岁月可回头  且以深情共白首,0,NeoTam_Farewell,29921603
4382,2015,8,4,你学习真好！,0,MR俊杰007,9018418
4383,2015,8,4,一開始並不是特別喜歡燕姿 但是 現在卻一發不可收拾,0,梅梅爱大米,60605576
4384,2015,8,3,還飲著寂寞的醉，不渴。,0,香草甜甜圈,53073472
4385,2015,8,2,评论这么少不科学[哀伤],1,锤锤是男神,48324279
4386,2015,8,1,帅,0,hoga,14098904
4387,2015,7,31,2015年7月31日，又一次单曲循环，对我来说，这是最好的治愈声音。,0,Summer樱祭,10314366
4388,2015,7,25,爱,0,爱咋咋地切试试就试试,75072165
4389,2015,7,24,是真心渴啊,0,迷彩Queen,72868602
4390,2015,7,23,亲爱的，生日快乐👑🎂😘,0,行星Kepler,6971200
4391,2015,7,23,突然脑海浮现这首歌,0,K-Kepler,6525924
4392,2015,7,23,老大生日快乐,1,举个西木,60673274
4393,2015,7,21,一年前很喜欢的歌 再听的感觉像连商量的余地都没有的都要被从梦里撕扯出来一样 画面一下子涌出来的时候只想发了疯一样的抽离 不想任由时间翻云覆雨我原本觉得永远不想改变的一切 但是事实是不管如何拒绝都会往前走 唯一的执念是最初所想会一如既往不改变 即使眼下的世界早已面目全非了所有认知,2,野原妈咪,43007195
4394,2015,7,19,好听,0,爬在红枣上的蜜蜂,141624
4395,2015,7,18,时间偷走了什么却又留下些什么,0,Gracia233,60026921
4396,2015,7,18,昨晚燕姿好美,1,举个西木,60673274
4397,2015,7,17,听燕姿爱燕姿停不下来～,1,了不起的老人家,37782426
4398,2015,7,16,[哀伤],0,天悠星漫,70804957
4399,2015,7,16,歌词写得好好。,1,树后面是太阳myc,3322909
4400,2015,7,16,这几天忙得忘记分享了，在路上偶然听到的蛮有味道的歌,1,我说布鲁斯,59902528
4401,2015,7,9,In your dream,0,死班瑟,17377748
4402,2015,7,9,好听！！！,0,dazizi,41022825
4403,2015,7,9,"手松了 伤愈合
卸下了 就璀璨了",1,eterplay,31290681
4404,2015,7,8,手松了 伤愈合,0,老地方的一首歌,79193153
4405,2015,7,7,我不是故事党，但是高三的时候第一次听就跟我同桌说这首歌真的很不错（我平时保护欲很强绝对不会随便向不懂的人推荐什么东西。）她一个下课都陪我整首听完。现在超级怀念和她上课边听课边吃花生的日子。可惜只有五个星期。,2,goodnightmybrokenheart,46018075
4406,2015,7,6,电视里听到 都动用了摇一摇搜歌呢[奸笑],0,一夕七,3763252
4407,2015,7,5,高中听同名专辑的人咋办！,0,禁忌魔法师,2454019
4408,2015,7,5,在追逐中追逐着～才懂漫步的渴～,2,清墨长安,72214259
4409,2015,6,30,歌词赞到不行,0,路人彦小二,76285353
4410,2015,6,28,一个人待着听歌的时候总能想到很多。,0,Jade-Obsidian,71348666
4411,2015,6,28,听的好想哭。和自己和解了 就璀璨了。,1,Stephanie的四月天,50102737
4412,2015,6,27,好安静的感觉好喜欢,0,欧文鲁克,68122400
4413,2015,6,27,听着听着想起了你 我没有哭 我只是流泪而已,0,清漪的酒,75625400
4414,2015,6,26,@大不列颠不黑春 这歌我喜欢了特久 ,0,夏天的小幸运-,45497384
4415,2015,6,25,就让这时间做它该做的，毕业从来就不是分别。,0,帐号已注销,33197978
4416,2015,6,24,喜欢这首歌，在追逐中追逐着，才懂漫步的渴。。。,1,西瓜瓜籽,75224981
4417,2015,6,23,去打水了[惊恐],0,头像即身材,46752618
4418,2015,6,23,心情有点复杂。。我名字里有个渴字[呆],0,LK_someone,45911541
4419,2015,6,20,难道没人听到开头有咳的声音吗…,0,傲慢的小火柴,9244399
4420,2015,6,16,起鸡皮疙瘩,0,宇宙天后淋淋之花,36917123
4421,2015,6,16,男生手都鄙视了,0,宇宙天后淋淋之花,36917123
4422,2015,6,16,逆光是我高考的时候啊啊 啊啊啊,0,麦可罗,9603650
4423,2015,6,16,手松了，就伤愈合。,0,亲亲爱的慧,64832114
4424,2015,6,15,晚安,0,痛经,35302733
4425,2015,6,11,手松了，伤愈合，卸下了，就璀璨了[憨笑],1,Michelle是米菲,6708367
4426,2015,6,10,开头谁咳了一声 难道只有我听到了么！,2,Cagoniel,2692515
4427,2015,6,9,在追逐中孤独着,0,凝寒枫,49780913
4428,2015,6,5,声音考到最大 谁咳了一声[惊恐],0,711便利店,30560210
4429,2015,6,3,逆光时我也初一，第一次听到燕姿的歌，就不能自拔了[憨笑],2,失眠的苏菲,48369143
4430,2015,6,3,好听 好听 在那个黄金时代 我基本没听过孙燕姿的歌 现在拿起来听 依然不过时,1959,年少者不经事,136258
4431,2015,6,3,舍不舍,0,姿迷雨还是不停的落下,72260161
4432,2015,6,3,すごい,2,MYGTR,33912908
4433,2015,6,2,🐘,0,lalalll3737,65991921
4434,2015,6,2,#好好好#   渴 - syz,0,福士苍汰,65751865
4435,2015,5,31,上一次听这首歌还在同济图书馆做托福试题背GRE单词，如今坐在了纽约大学的图书馆里，璀璨了！,18057,Cyber_Julia,57184604
4436,2015,5,30,听出新感觉[吐舌],1,lu仔,16559908
4437,2015,5,27,看到每首歌都有人说这是这张砖最爱的一首我就放心了,1,可皮老李,56646970
4438,2015,5,27,穿越生命的沼泽，会遇见你的。@ ?,0,Rolith-isyooapy,31352514
4439,2015,5,25,在燕姿的地盘看见了秦叔上扬嘴角的那一抹奸笑，张小天厚已哭晕厕所,1,花娘子哥,62074867
4440,2015,5,25,同上,1,花娘子哥,62074867
4441,2015,5,23,"""在追逐中追逐着，才懂漫步的渴""[爱心][爱心][爱心]",0,睡不醒睡不醒睡不醒,48905592
4442,2015,5,23,穿越生命的沼泽，会遇见你的[呲牙],0,八莫君,46880556
4443,2015,5,21,前奏前的演奏会设计很精妙、只是MV导演没利用好…非常有画面感的歌曲、结尾处带有新世纪音乐风格的回旋、那种曲尽意绵延的感觉非常高级、几乎是艺术而不是流行乐了,6,能猫桑,563187
4444,2015,5,21,gay真多,2,萧垚lolo,37318802
4445,2015,5,21,高中听孙燕姿同名专辑的已经哭死在厕所。,1,萧垚lolo,37318802
4446,2015,5,19,我会再遇见你吗,0,Dora的音乐盒子,48674077
4447,2015,5,19,克专里最爱这首,1,一下彬仔,62476099
4448,2015,5,19,[呲牙][呲牙],0,打卡环游网易云,29965618
4449,2015,5,18,[憨笑]越听越入耳,0,Blazer-Leo,47207607
4450,2015,5,16,今晚见,1,Nancyoe,61825000
4451,2015,5,16,陪伴我高考的歌 谢谢你[可爱],1284,像老田一样努力啊,40642415
4452,2015,5,14,我小时候也是绿光 ,1,煎饼传人王老板,50860331
4453,2015,5,12,放了燕姿是时候和克卜勒，她就听了渴这首歌。,0,YZKEPLER,42348015
4454,2015,5,12,朋友说听过这首歌。,0,YZKEPLER,42348015
4455,2015,5,12,在孤独中孤独着，才懂安静的渴。,1,九九九九九李,34386116
4456,2015,5,9,大概有个五六七年没尝过樱桃的味道,0,哈瑞阿浦,63199937
4457,2015,5,7,这让我小学听绿光的情何以堪[惊恐][惊恐][惊恐],2,骂了隔壁笑嘻嘻,35513177
4458,2015,5,5,晚安[可爱]爱我姿,0,情绪小屋子,35677314
4459,2015,5,4,"很好听啊~！！！！！
",0,听悦心音,37607427
4460,2015,5,4,总有人哭有人笑的，我啊，旁观者而已，没有什么故事。,1,玉米要吃辣,63684986
4461,2015,5,3,这歌要多听才能出味道。。越听越有故事,0,Gilbert---,63955982
4462,2015,5,2,嗯，就算下架了也要淡定一副想吃人的此表情好可怕的[大哭],0,背了个影,26852587
4463,2015,5,1,这首歌从去年毕业听到今年了,0,Sunmarmalade,57317658
4464,2015,4,23,真的让我感到渴。。。,1,安西大輝,34140045
4465,2015,4,22,我也是,2,心火烧心火烧心扉呀,57844099
4466,2015,4,11,仔细听有几个音并没有很稳很准，前奏几秒也略奇怪，但丝毫不影响后面的好听，歌词也棒[大笑],2,帐号已注销,18992729
4467,2015,4,9,重听好有感,1,会喷火的鸭鸭,20077381
4468,2015,4,9,放手了，释然了，不再回头,0,说放弃要放哪里,9683208
4469,2015,4,9,似曾相惜 未曾相遇 似曾相知 未曾相识,2,隐形人o,46927052
4470,2015,4,8,喜欢这旋律[亲亲],0,白温夜寒,57298663
4471,2015,4,7,在追逐中追逐着，才懂漫步的渴,0,myimmortal_moon,36177545
4472,2015,4,5,恩恩。我知道了谢谢啊,1,awang1997,32114992
4473,2015,4,5,在个人电台有,1,一顿乱炒,7839635
4474,2015,4,5,不是。。。是特意做的喧哗的特效,0,遮羞布罢了,33532401
4475,2015,4,4,真的是一种情绪。,0,帐号已注销,49746338
4476,2015,4,3,单曲循环的节奏[亲亲][亲亲],0,此象非彼象,34405277
4477,2015,4,1,如果有女生能唱我用guitar给她伴奏,2,始北水,14192179
4478,2015,3,31,静静听~[爱心],0,witchyme,39802936
4479,2015,3,31,夏,0,HikkiKenji,31403033
4480,2015,3,28,孙燕姿的歌儿永远都是越听越有味道,1,海曼岛,40036075
4481,2015,3,25,6666,0,Stef13,565010
4482,2015,3,25,一定是GAY，哈哈，爱的人都一样,1,ChiangHungWan,9160795
4483,2015,3,25,[亲亲],0,湖人死忠,7776579
4484,2015,3,24,我为你来看我不顾一切,0,达子哥哥,57308807
4485,2015,3,22,每次听都感觉像是一个人独自在沙漠中穿行去寻找心中的梦想一样,6,南方的妖风,33789142
4486,2015,3,16,这编曲里面的钢琴真的太棒了，太棒了，太棒了！,1,帐号已注销,12333774
4487,2015,3,15,[爱心]循环,0,Laggies-蓝雨,7442705
4488,2015,3,13,222,0,Stef13,565010
4489,2015,3,11,还想去一次燕姿的现场听她唱歌,0,uuummmuuu,7340378
4490,2015,3,9,在追逐中追逐着，才懂漫步的渴,0,啊彩虹金刚,36813307
4491,2015,3,7,四个和弦，搭配丰富的编曲和燕姿治愈的声音，单曲循环过好多无聊的夜晚,1,说放弃要放哪里,9683208
4492,2015,3,5,在追逐中追逐着，才懂漫步的渴。而我穿过生命的沼泽，一定会遇见你的。,0,耳钉VV,2498205
4493,2015,3,3,好听,0,NomajYu,40626127
4494,2015,3,2,我大学,0,MR俊杰007,9018418
4495,2015,2,28,那个寂寞的寞发音真是销魂啊～,1,木莫莫,55406903
4496,2015,2,28,挺好听的，感情饱满,0,客官心情不好,47205291
4497,2015,2,25,老大我爱你[亲亲][爱心][爱心],2,将往观乎四荒Zhang,41213820
4498,2015,2,22,永远支持燕姿[星星][星星][星星][爱心][爱心][爱心][爱心][爱心][爱心][爱心][爱心][爱心][爱心][爱心][爱心],2,尚好的青春好好珍惜,51676578
4499,2015,2,22,开始的喧嚣突然收束的时候，我的鸡皮疙瘩就起了一身。,2,星際牛仔07,33167233
4500,2015,2,20,她的离开让我选择单曲循环。[哀伤],2,Summer樱祭,10314366
4501,2015,2,17,【我就这样走着/穿越生命的沼泽/会遇见你的/在追逐中追逐着/才懂漫步的渴/当握紧的手松了/伤愈合】上了一周晚班都没进入状态也是醉了，昨晚休息的时候直接睡过头还要组长下来叫才醒，不论何时永远能这样，20年如一日。,0,Jes_Cheer_up,45893322
4502,2015,2,17,【我就这样走着/穿越生命的沼泽/会遇见你的/在追逐中追逐着/才懂漫步的渴/当握紧的手松了/伤愈合】上了一周晚班都没进入状态也是醉了，昨晚休息的时候直接睡过头还要组长下来叫才醒，不论何时永远能这样，20年如一日。睡了一天意识到票没订邮件没回，愿接下来顺利。,0,Jes_Cheer_up,45893322
4503,2015,2,15,这专最喜欢这首，当燕姿唱着属于自己的幸福时已经让我很难感同身受了，只有祝福，谢谢你带给我的最初的悸动，还是会听着终于和相信惶恐的等着属于自己的那个人,704,什么时候才能自由呢,51159011
4504,2015,2,15,支持正版是应该的 这也是歌迷对歌手应尽的一份力。希望网易能做好[口罩][口罩],2,木希君,11424385
4505,2015,2,15,下架了[撇嘴][撇嘴][撇嘴],1,一顿乱炒,7839635
4506,2015,2,15,孙燕姿的逆光专辑下架了[撇嘴][撇嘴][撇嘴][撇嘴][怒]飘着听不了[怒][怒][怒][怒][怒][怒][怒][怒],869,一顿乱炒,7839635
4507,2015,2,14,有多少的曲折?芳子,0,m麦田捕手,53830514
4508,2015,2,14,我就是喜欢燕姿得低调,2,隐藏的失落,410988
4509,2015,2,14,第一遍就已经爱上了,1,你的天文特征是几时几分,14380985
4510,2015,2,13,小音量效果更好哦,2,散若烟云,35996981
4511,2015,2,13,又是你,0,散若烟云,35996981
4512,2015,2,13,对啊,0,散若烟云,35996981
4513,2015,2,4,这首歌多听几遍有很棒的感觉,2,未完成s,52426699
4514,2015,2,4,在追逐中追逐着…,1,Nuomia,30234242
4515,2015,2,3,放大音量听！,0,掌柜的你快递来了,3417264
4516,2015,1,30,手松了 伤愈合,0,花椒吖好麻,9592890
4517,2015,1,30,逆光时我初一，卧槽辣个mv怎么会那么带感，她下楼梯好带劲。然后咕叽咕叽我怀念的当时都喜欢，很久后逆光就是我心中孙燕姿第一专[可爱],2,部门也逐步开始正常的运作起来,47829006
4518,2015,1,29,[色]在孤独中孤独,0,puuuumpkin,19650187
4519,2015,1,27,A站打卡,2,Pamgp,38022253
4520,2015,1,23,居然是个现场版,1,awang1997,32114992
4521,2015,1,20,好好听啊，单曲了一天啦，根本停不下来！,1,梦之翼清,40088483
4522,2015,1,20,都在说逆光呀  逆光时候我初三惹  路人粉吸成死忠  希望我姿的小歌迷越来越多,1,fixingto,33150095
4523,2015,1,19,好多说逆光的姿亲。好感动啊,1,木希君,11424385
4524,2015,1,18,姿婶的歌越听越有感觉。,0,王xi,44733136
4525,2015,1,16,越听越有味道歌曲，赞！,0,孙燕姿best,46251605
4526,2015,1,15,[大笑],0,我最聪明,35641499
4527,2015,1,15,孙燕姿的嗓音独特，好喜欢[亲][亲][亲],1,龙城岁月如梭,39778221
4528,2015,1,14,也许孤独地追逐着才是最好的状态,1,小絮的007,49739209
4529,2015,1,13,真好听~ 我家姿姿真可爱~,1,___root___,45043561
4530,2015,1,13,还真有点像~ 哈哈哈,1,___root___,45043561
4531,2015,1,12,真的是越听才越有感觉的歌，很安静，触及内心最柔软最纯洁的感觉。,1,散若烟云,35996981
4532,2015,1,12,我在不断的追逐着你,0,散若烟云,35996981
4533,2015,1,9,修身养性的歌，,1,呼吸不能说_,35039729
4534,2015,1,7,好听。。。。,0,流兴宇you,3592433
4535,2015,1,4,逆光在我印象中是七年的距离。,1,朔光阴,37234883
4536,2015,1,2,跟《丝路》有异曲同工之妙。好听~~,0,柴柴柴郡猫,18010432
4537,2014,12,29,爱～,0,寕2020,9870371
4538,2014,12,18,怎么会这么好听，喜欢歌词,1,间谍猫,44943040
4539,2014,12,18,真的太好听[流泪],1,路_觉,18041234
4540,2014,12,16,"我拉着女孩的衣角，紧握着手中想分享的糖果，她却气呼呼的大叫我的名字，单纯想引起她注意的无聊举动，意外成为童年闪闪发光的一段曾经。渐渐随着日子，我们消失在彼此的时间里，也早已无所谓幼稚与否。记忆在熟悉的地方缠绕，舍不得遗失的当下，在心里，一段段、一幕幕，最简单的开始，最美的时光。
",0,Amorgiggle,41579440
4541,2014,12,14,专辑第一遍最爱,1,Eric_罗罗罗小鸣,6344455
4542,2014,12,12,唉，逆光是小学的时候…我还真是老了,612,囧尼克精神病快好了,36563047
4543,2014,12,7,小学的时候，有一张逆光的专辑，当时就被她所感动，如今大学，厌倦了许多东西，却一直珍藏着它，最爱燕姿。,0,及觉已晓,44218628
4544,2014,12,1,每次不开心有13姐的歌声疗伤是最大的荣幸。,1,Tim_Huang0216,42792776
4545,2014,12,1,这张专辑最爱这首歌。,0,阿蛮还有太阳花吗,9653629
4546,2014,11,29,怎么听出了梁静茹的丝路的味道[流感],1,帐号已注销,42352268
4547,2014,11,21,歌是她的感悟。,1,Dexter_Cu,1910592
4548,2014,11,19,我听着时间的沙像首歌~~~,0,S-Dawn,41509569
4549,2014,11,16,这张专辑所有歌曲越听越有味道，特别是词,2,掉进村里陷阱,41508937
4550,2014,11,11,大爱[憨笑],1,ReGnis,36413298
4551,2014,11,10,在追逐中追逐着，才懂漫步的渴，当握紧的手松了，伤愈合，在孤独中孤独着，才懂安静的渴，当我卸下了颜色，璀璨了，还计算什么，爱何曾干涸，我听着，时间的沙像首歌，有多少曲折，轻轻哼着，抚平了，起风了，天空一片灰灰的，有多寂寞呢，我在路口，眺望着。,0,执缘,42056027
4552,2014,11,10,不知道为什么还是喜欢燕姿的歌,0,执缘,42056027
4553,2014,11,9,在追逐中追逐着，才懂漫步的渴，当握紧的手松了，伤愈合，在孤独中孤独着，才懂安静的渴。,0,摇摇欲灰飛灰,32695195
4554,2014,11,9,太美了,0,摇摇欲灰飛灰,32695195
4555,2014,11,8,[亲亲],0,Meaning1e5s,3342543
4556,2014,11,6,我又来个，开始第几次听了,0,一只会听喵的咕咕,3387307
4557,2014,10,31,像梁静茹的丝路。(在追逐中追逐着，才懂漫步的渴，当握紧的手松了，伤愈合，在孤独中孤独着，才懂安静的渴，当我卸下了颜色，璀璨了，还计算什么，爱何曾干涸。),1994,Shayfin,30263194
4558,2014,10,29,时间偷走了些什么   却又留下些什么[皱眉],0,创CHuangmerase,34440396
4559,2014,10,27,[亲亲][亲亲],0,Lilysfun,14326826
4560,2014,10,22,卸下颜色，为了染上。,0,oddecho,2462810
4561,2014,10,21,晚安。有点渴。[嘴唇],0,乐柚Leo,6540418
4562,2014,10,21,最近习惯带上耳机开大声的听这首歌。,494,Summer樱祭,10314366
4563,2014,10,16,[爱心],0,救赎之旅_,31810188
4564,2014,9,11,干燥的季节。,0,BLASTxTRAPNEST,30572896
4565,2014,9,4,在孤独中孤独着，才懂安静的渴。,0,Mirage_13,2978965
4566,2014,8,29,完全同意,1,严弘植,16165859
4567,2014,8,29,这首歌要多听几遍，越听越有味道[惊恐],3290,负人君子Boy,33457290
4568,2014,8,26,在追逐中追逐着，才懂漫步的渴，当握紧的手松了，伤愈合，在孤独中孤独着，才懂安静的渴，当我卸下了颜色，璀璨了，还计算什么，爱何曾干涸。,0,DJ肩上彩虹,33198056
4569,2014,8,25,哎吗晚上吃咸了，不过好后悔没多吃点儿……好饿[流泪][流泪][流泪],0,Mentos曼瘦思,12623199
4570,2014,8,22,在追逐中追逐着，才懂漫步的渴，当握紧的手松了，伤愈合，在孤独中孤独着，才懂安静的渴。,0,一干一心,30396388
4571,2014,8,22,[爱心]赞一个好听,0,用户33803765,33803765
4572,2014,8,21,在追逐中追逐着 才懂漫步的渴 在孤独中孤独着 才懂安静的渴 ~~,0,帐号已注销,3338996
4573,2014,8,14,很喜欢这首歌,0,雅小惠,2975211
4574,2014,8,12,这首歌真是愈听愈抓心，像极一首诗。“走着/我就这样走着/穿越生命的沼泽/会遇见你的”,1,严弘植,16165859
4575,2014,8,11,我听着，时间的沙像首歌，有多少曲折，轻轻哼着，抚平了，起风了，在追逐中追逐着，才懂漫步的渴，当握紧的手松了，伤愈合，在孤独中孤独着，才懂安静的渴，当我卸下了颜色，璀璨了，还计算什么，爱何曾干涸。[可爱],0,笨蛋barbie,32979778
4576,2014,7,21,正如阿妹所说，喜欢燕姿的咬字，而这首的完全被驾驭了。,1,一只会听喵的咕咕,3387307
4577,2014,7,9,我听着，时间的沙像首歌，有多少曲折，轻轻哼着，抚平了，起风了，天空一片灰灰的，有多寂寞呢，我在路口，眺望着，舍不舍，在追逐中追逐着，才懂漫步的渴，当握紧的手松了，伤愈合，在孤独中孤独着，才懂安静的渴，当我卸下了颜色，璀璨了，还计算什么，爱何曾干涸。,1,Karufo,30081391
4578,2014,7,6,转音有岛歌的韵味(*'▽'*)♪好棒啊,0,吞钥匙的梵高女孩,26319198
4579,2014,7,5,啤酒解渴人更渴，离合悲欢人消愁。,0,彼一時丶NG,563746
4580,2014,6,28,喜欢,0,coin-_,17761291
4581,2014,6,28,在追逐中追逐着，才懂漫步的渴。,0,EsAySsON,58610
4582,2014,6,26,渴。,1,lanjia,2496729
4583,2014,6,2,在追逐中追逐着，才懂漫步的渴，当握紧的手松了，伤愈合，在孤独中孤独着，才懂安静的渴，当我卸下了颜色，璀璨了，还计算什么，爱何曾干涸。,0,蔚海深深蓝,7768251
4584,2014,6,2,没有勇气说你好，更没有勇气说再见。“好久不见，你还好吗？我想你了。”这么简单的话，就让它烂于心、亦是止于心。 ,1,_Anonymity_,6335252
4585,2014,5,29,女神,1,疲劳生死,17712654
4586,2014,5,27,"我听着
时间的沙像首歌
有多少曲折
轻轻哼着
抚平了
起风了
天空一片灰灰的
有多寂寞呢",0,劉ConFi,17736723
4587,2014,5,27,在追逐中追逐着，才懂漫步的渴，当握紧的手松了，伤愈合，在孤独中孤独着，才懂安静的渴，当我卸下了颜色，璀璨了，还计算什么，爱何曾干涸。,0,这个冬天很冷,7172557
4588,2014,5,26,在孤独中孤独着，在追逐中追逐着，才懂安静的渴~,0,天外飞城,15731461
4589,2014,5,22,手松了 伤愈合,0,原来发生过这么多事儿,2366673
4590,2014,5,22,在孤独中孤独着/才懂安静的渴,0,rasperry,9817920
4591,2014,5,16,她的歌像午后的阳光，照耀在我的身,2,我的眼泪葬在风背后,9815075
4592,2014,5,15,(>_<)(>_<)(>_<),0,我是一个哈哈屁,8724352
4593,2014,5,12,才懂安静的渴,0,蚊香蝌蚪,747221
4594,2014,4,30,时间偷走了些什么，却又留下些什么，回头就迷失了当刻。,0,Erneste,11803462
4595,2014,4,28,一句话，我好喜欢这张专辑。这首歌的旋律好熟悉。。。,0,Y-Y小昕,10362857
4596,2014,4,28,[大笑][大笑],0,wsp___,7326486
4597,2014,4,20,最爱这首,0,Aainlll,3339627
4598,2014,4,18,"在追逐中追逐着
才懂漫步的渴
我们是否也该停下脚步聆听下自己的心声",0,须弥数码,15391974
4599,2014,4,13,在追逐中追逐着，才懂漫步的渴,0,昨日辰徽,729259
4600,2014,4,12,新专辑最喜欢的一个,0,几分之几_,1355174
4601,2014,4,9,有多少曲折，爱何曾干涸。,0,熊仔儿,13995457
4602,2014,4,8,民歌的调调？,0,大大大大开心,9987323
4603,2014,4,8,民歌的调调？[呆][呆],0,大大大大开心,9987323
4604,2014,4,6,克卜勒除天使的指纹外最抓耳的一首,0,帐号已注销,263122
4605,2014,4,4,我听着，时间的沙像首歌，有多少曲折，轻轻哼着，抚平了，起风了，天空一片灰灰的，有多寂寞呢，我在路口，眺望着，呼，舍不舍，呼，在追逐中追逐着，才懂漫步的渴，当握紧的手松了，伤愈合，在孤独中孤独着，才懂安静的渴，当我卸下了颜色，璀璨了，还计算什么，爱何曾干涸。,0,欲加之罪何患无辞,9727371
4606,2014,4,3,当握紧的手松了，伤愈合,0,刘大炳饼,8047452
4607,2014,4,2,璀璨了.,0,芳华绝代2638763537,3063156
4608,2014,4,2,当握紧的手松了，伤愈合。 (｡ì _ í｡),0,络络1995,9981114
4609,2014,4,1,旋律很熟悉。。。,0,现实狠扯淡,7499379
4610,2014,3,31,雨还是不停的下着也是我的我循环，哈哈,0,tinalee,6810489
4611,2014,3,31,在孤独中孤独着 才懂安静的渴 当我卸下了颜色 璀璨了 还计算什么,0,LongAndProsper,9152659
4612,2014,3,30,像一首诗的歌，充满艺术气息和哲学味道,0,蔚蓝默沫-,6683322
4613,2014,3,28,歌词赞,0,雾蒙蒙zz,9082795
4614,2014,3,25,@大潘不是Panda 书店听到的是这个,0,不加葱的葱包桧儿,2633106
4615,2014,3,24,孙燕姿的歌毫无抵抗力啊[色],0,无脑听歌调bug,3618088
4616,2014,3,24,[色][色][色][大笑][鬼脸],0,nokiafans,272929
4617,2014,3,24,梦里，孙燕姿在为我唱歌[亲亲],0,love李然,11004125
4618,2014,3,23,梦想、亲情、友情、爱情，爱素永恒滴主旋律那。追梦滴孩纸们，共勉之。耐～,0,bdre,7433076
4619,2014,3,21,手松了 伤愈合 卸下了 就璀璨了 手松了 伤愈合,0,西瓜虫柒柒,7149911
4620,2014,3,21,手松了 伤愈合 卸下了 就璀璨了 手松g,0,西瓜虫柒柒,7149911
4621,2014,3,20,[禁止],0,muouga,7280470
4622,2014,3,19,在追逐中追逐着才懂漫步的渴,0,Colorful静小静的世界,5672616
4623,2014,3,16,哈哈哈哈,0,布筝,382883
4624,2014,3,14,这首歌应该是这张专辑中最好听的了，无限单曲循环啊[色],0,轶言轶行,193595
4625,2014,3,13,高兴或不高兴都 单曲循环 ,0,笑面虎2333,10523885
4626,2014,3,13,好听[憨笑],0,Zula18,10465030
4627,2014,3,13,当我卸下了颜色，璀璨了，还计算什么，爱何曾干涸。,0,跑调井二,8844477
4628,2014,3,12,"很棒的歌喉
",0,llfzcq,10294760
4629,2014,3,12,燕姿新专辑里最喜欢这一首~词也写得很棒！[亲亲],0,天才狮子,2025255
4630,2014,3,12,好听。[惊恐],0,夏宫Palace,7542242
4631,2014,3,11,这么多年后还能做出这样一首如此棒的歌,0,朕知道了呵呵,3356923
4632,2014,3,11,好听呢~,0,电池5点5号,757223
4633,2014,3,10,在追逐中追逐着才懂漫步的渴，在孤独中孤独着才懂安静的渴。[爱心],0,古太漫念思,6556092
4634,2014,3,9,好像《渴》在网上只找得到live版，于是我也想去买一张姿妈的《克卜勒》回来听了~这首的旋律属于越听越有味道的(  ・∀・),0,苏尔弥,2232347
4635,2014,3,9,在追逐中追逐着，才懂漫步的渴，当握紧的手松了，伤愈合，在孤独中孤独着，才懂安静的渴。,0,不裸奔的鱼,9893144
4636,2014,3,8,时间的沙像首歌，有多少曲折,0,隐藏的失落,410988
4637,2014,3,7,我听着，时间的沙像首歌，有多少曲折，轻轻哼着，抚平了，起风了，天空一片灰灰的，有多寂寞呢，我在路口，眺望着，呼，舍不舍。,0,Eric_的时光机,502061
4638,2014,3,7,新专辑蛮不错的,0,walawaka,6735742
4639,2014,3,7,新专辑蛮不错的[爱心],0,walawaka,6735742
4640,2014,3,7,新专辑蛮不错的,0,walawaka,6735742
4641,2014,3,7,"手松了，伤愈合
",0,夏爷shero,9937959
4642,2014,3,7,感觉跟梁静茹的丝路有点像，就某些旋律来说。以前很喜欢很喜欢丝路呢。,0,untouchab1e,2810151
4643,2014,3,7,[爱心],0,untouchab1e,2810151
4644,2014,3,7,第一遍没感觉，越听越有味，这就是孙燕姿吧。[大笑],0,怎么这世界每个人,2898643
4645,2014,3,7,[可爱],0,爱流年,9987367
4646,2014,3,6,是不是对这张专辑期望太高了。。。还好有这首一听就抓耳开始循环的。。。,0,贺贺_TheMonster,9817924
4647,2014,3,6,[呆]是不是对这张专辑期望太高了。。。还好有这首一听就抓耳开始循环的。。。,0,贺贺_TheMonster,9817924
4648,2014,3,6,[呲牙],0,帐号已注销,8828051
4649,2014,3,6,在追逐中追逐着，才懂漫步的渴。,0,遊憇,416754
4650,2014,3,5,[憨笑]好好听,0,她说她喜欢小璇,900471
4651,2014,3,5,在追逐中追逐着，才懂漫步的渴，当握紧的手松了，伤愈合，在孤独中孤独着，才懂安静的渴，当我卸下了颜色，璀璨了，还计算什么，爱何曾干涸，时间偷走了些什么，却又留下些什么，回头就迷失了当刻，走着，我就这样走着，穿越生命的沼泽，会遇见你的。,0,sonniger,3047527
4652,2014,3,4,爱何曾干涸:),0,人生如梦醒不来,7562224
4653,2014,3,4,起风了,0,逃跑阳光,3298786
4654,2014,3,4,“我听着，时间的沙像首歌，有多少曲折，轻轻哼着，抚平了，起风了，天空一片灰灰的，有多寂寞呢，我在路口，眺望着。”,0,songfffffff,304412
4655,2014,3,4,我听着，时间的沙像首歌，有多少曲折，轻轻哼着，抚平了，起风了，天空一片灰灰的，有多寂寞呢，我在路口，眺望着。,0,帐号已注销,9008916
4656,2014,3,4,很好听,0,梦晨,115092
4657,2014,3,4,[呆]睡觉,0,Bailkiw,3445123
4658,2014,3,4,成长总是伴着阵痛，无论人还是组织。不会一直处在熟悉中进步。不要舍不得什么，洒脱点就好。,0,ventus,2889061
4659,2014,3,3,在追逐中追逐着，才懂漫步的渴。,0,蚊香蝌蚪,747221
4660,2014,3,3,在咕嘟中咕嘟着-炖东西的节奏,0,叉子上的茶渍,296200
4661,2014,3,3,燕姿的声音还是这么好听[亲亲],0,齐天大坑邪魔苍,2255649
4662,2014,3,3,好听.,0,sweetvivian,7041529
4663,2014,3,2,时间偷走了什么。,0,Satelli,2912287
4664,2014,3,2,"在追逐中追逐着, 才懂漫步的渴, 当握紧的手松了, 伤愈合.",0,姿音绕梁,7563932
4665,2014,3,2,"我听着, 时间的沙像首歌, 有多少曲折, 轻轻哼着, 抚平了.",0,姿音绕梁,7563932
4666,2014,3,2,好听,0,姿音绕梁,7563932
4667,2014,3,2,哭着听完了这首歌,0,帐号已注销,9761996
4668,2014,3,2,[可爱],0,懒癌晚期的赵师傅,2476484
4669,2014,3,2,舍不舍，在追逐中追逐着，才懂漫步的渴，让握紧的手松了， 伤愈合在孤独中孤独着，才懂安静的渴,1,juezhou1,3387368
4670,2014,3,2,在追逐中追逐着，才懂漫步的渴。,0,段段段LAY,6818757
4671,2014,3,1,在追逐中追逐着，才懂漫步的渴。,0,爨龘,1858024
4672,2014,3,1,燕姿[爱心][爱心][爱心],0,爨龘,1858024
4673,2014,3,1,时间偷走了些什么，却又留下些什么，回头就迷失了当刻。晚安，三月。,0,SourceFree,7188160
4674,2014,3,1,哈哈，是挺像的。,0,Paul鹏鹏,305710
4675,2014,3,1,听这个歌老想起贾盛强啊- -。。。 那个转音。。。,0,苦苦绿,7536003
4676,2014,3,1,新专好听得要报警！就这样 音乐人就要纯粹做音乐啊 什么舞蹈什么排场都是花架子 静静得唱一首打动人心的歌才是一个歌手最大的成功,0,Lplum,1811589
4677,2014,3,1,新专好听得要报警！就这样 音乐人就要纯粹做音乐啊 什么舞蹈什么排场都是花架子 好听才最掷地有声,0,Lplum,1811589
4678,2014,3,1,新专好听得要报警 就这样！,0,Lplum,1811589
4679,2014,3,1,好听,0,XXXXXXTP,1590224
4680,2014,2,28,时间偷走了些什么，却又留下些什么，回头就迷失了当刻。,0,O_o麻球儿,2730222
4681,2014,2,28,在追逐中追逐着，才懂漫步的渴，当握紧的手松了，伤愈合，在孤独中孤独着，才懂安静的渴，当我卸下了颜色，璀璨了，还计算什么，爱何曾干涸。,0,Louisa_玥,675673
4682,2014,2,28,好好听！！！！[色],0,鼠的邀约,7551048
4683,2014,2,28,手松了，伤愈合,0,Sando三分木,8912629
4684,2014,2,28,"我听着
时间的沙像首歌
有多少曲折
轻轻哼着
抚平了
起风了
天空一片灰灰的",0,在闹海,2940195
4685,2014,2,28,从未认真做过燕姿的粉丝，但这个声音陪过我太多，阔别多时，依然贴心。像旧朋友，缓缓安慰，就像能睡得安稳都只是因为那盏还没开的灯。,0,若妮,1574791
4686,2014,2,28,简单的感觉，这张专辑里面好多风格类似的，这首不错！词打动人，旋律抓耳。,0,KeatonHenson,7818951
4687,2014,2,28,孫燕姿的聲音一如既往的飄逸積極向上   感動了我歐,0,fanxychildtrbl,7739235
4688,2014,2,28,这首专辑里我觉得最好听的，期待你来成都[色],0,丁丁猫胖成熊猫,1123100
4689,2014,2,27,那旋律！妈呀！！！太强大了！！！,0,胖猪依旧,6495851
4690,2014,2,27,顶！,0,KeatonHenson,7818951
4691,2014,2,27,孙燕姿！,0,苏叶,377050
4692,2014,2,27,突然一股好清新的感觉......,1,崔筱心,3698325
4693,2014,2,27,[强][强][强][强][强]这专是奔着金曲奖去的嘛…,0,小稻穗kepler,199023
4694,2014,2,27,喜欢这首,0,隐藏的失落,410988
4695,2014,2,27,在追逐中追逐着，才懂漫步的渴，当握紧的手松了，伤愈合，在孤独中孤独着，才懂安静的渴，当我卸下了颜色，璀璨了，还计算什么，爱何曾干涸。大爱这首啊！,0,Matteeoo,8157477
4696,2014,2,27,[强][强][强],0,蝈蝈一直很绿,6310886
4697,2014,2,27,T T 无语凝咽 这种曲风就是用来循环一整天的 ,0,TIMElaw,3464780
4698,2014,2,27,燕姿新专辑《克卜勒》超好听的歌，大爱.........单曲循环一整天。,0,WingsMan,9633760
4699,2014,2,27,[钻石][钻石][钻石][钻石][钻石],0,Samanta小果酱,7241181
4700,2014,2,27,呜呜,0,问风何处,5871867
4701,2014,2,27,[爱心][爱心],0,DELAWARE,6811170
4702,2014,2,27,这张专辑给100分 90分的水准 词不水 曲不俗(以我听完一遍记不住旋律为标准)最可贵是没有一首是新潮的 电子的 中英混杂的伪爵士 那似乎是近俩年豆瓣音乐人的标配…还有10分的不足感情来补,0,怪弼-FREAK,1665030
4703,2014,2,27,这张专辑给100分 90分的水准 词不水 曲不俗(以我听完一遍记不住旋律为标准)最关键是没有一首是奇怪的 新潮的 电子的 中英混杂的伪爵士…那似乎是近俩年豆瓣音乐人的标配…还有10分的不足感情来补 声音没变 基调没变 她的海报曾在我床铺边贴了四年。,1,怪弼-FREAK,1665030
4704,2014,2,27,我们的老大回来了！[可爱],2,碎球菠萝,2418450
