index,year,month,day,content,likecount,nickname,user_id
1,2015,9,10,这个开场也是醉了[撇嘴][撇嘴][撇嘴],223,我是花生米555,19827081
2,2015,12,19,一听到开场，我笑了,131,今生今世QGH,108805961
3,2017,4,5,眉中间有个红点，裤衩遮住脸～,59,你拉着我说你有些---鱿鱼,403662933
4,2018,1,25,女的应该是陶晶莹，男的没听出来，不过人家只是卖力为孙燕姿暖场，这样称呼也不太好吧！[汗],51,别再奋力逞强,122065677
5,2017,4,26,两个主持人在尬麦,42,别再奋力逞强,122065677
6,2016,8,23,哼唱部分 已经是世界水平了 没想到她现场这么厉害~,12,Amethystium9902,20488462
